0 1
0 15
0 14
0 2
0 3
0 4
0 6
0 13
0 48
0 49
1 0
1 15
1 14
1 6
1 2
1 13
1 4
1 27
1 24
1 59
2 0
2 1
2 15
2 14
2 6
2 13
2 3
2 5
2 48
2 4
3 0
3 1
3 15
3 6
3 14
3 13
3 2
3 5
3 4
3 48
4 0
4 1
4 15
4 6
4 14
4 59
4 49
4 48
4 5
4 13
5 6
5 15
5 7
5 8
5 9
5 54
5 13
5 1
5 14
5 57
6 5
6 15
6 1
6 14
6 0
6 13
6 59
6 57
6 8
6 7
7 9
7 8
7 5
7 18
7 16
7 15
7 6
7 17
7 13
7 14
8 7
8 5
8 15
8 6
8 14
8 16
8 18
8 9
8 13
8 17
9 7
9 5
9 15
9 8
9 6
9 18
9 14
9 13
9 16
9 17
10 11
10 18
10 5
10 7
10 17
10 9
10 8
10 15
10 16
10 6
11 17
11 18
11 7
11 16
11 5
11 9
11 8
11 10
11 15
11 13
12 14
12 13
12 15
12 6
12 1
12 0
12 5
12 8
12 7
12 4
13 15
13 14
13 12
13 1
13 6
13 0
13 5
13 7
13 2
13 8
14 15
14 13
14 1
14 0
14 6
14 12
14 5
14 8
14 2
14 4
15 14
15 13
15 6
15 5
15 1
15 0
15 12
15 2
15 4
15 59
16 18
16 17
16 7
16 8
16 5
16 15
16 14
16 9
16 13
16 6
17 18
17 16
17 7
17 8
17 11
17 9
17 5
17 15
17 14
17 13
18 17
18 16
18 7
18 8
18 9
18 5
18 15
18 11
18 14
18 13
19 21
19 22
19 36
19 52
19 20
19 49
19 39
19 48
19 38
19 26
20 21
20 19
20 22
20 49
20 48
20 59
20 52
20 43
20 55
20 44
21 22
21 19
21 26
21 36
21 24
21 28
21 39
21 38
21 37
21 40
22 21
22 19
22 39
22 36
22 37
22 24
22 38
22 40
22 28
22 52
23 28
23 25
23 24
23 27
23 26
23 32
23 36
23 39
23 37
23 38
24 26
24 25
24 28
24 39
24 36
24 27
24 30
24 32
24 40
24 29
25 24
25 26
25 28
25 27
25 39
25 29
25 30
25 38
25 36
25 40
26 24
26 25
26 28
26 27
26 32
26 36
26 29
26 39
26 40
26 31
27 28
27 29
27 30
27 25
27 39
27 24
27 36
27 40
27 38
27 32
28 29
28 27
28 30
28 39
28 36
28 24
28 40
28 25
28 38
28 32
29 28
29 27
29 30
29 25
29 24
29 36
29 40
29 37
29 39
29 32
30 28
30 27
30 29
30 24
30 25
30 40
30 32
30 39
30 36
30 38
31 32
31 34
31 28
31 33
31 24
31 35
31 26
31 27
31 25
31 29
32 31
32 28
32 33
32 34
32 24
32 27
32 30
32 35
32 29
32 26
33 32
33 35
33 31
33 28
33 34
33 24
33 30
33 25
33 27
33 29
34 31
34 32
34 33
34 24
34 28
34 26
34 27
34 35
34 29
34 25
35 33
35 32
35 31
35 27
35 28
35 34
35 29
35 25
35 30
35 24
36 39
36 40
36 38
36 28
36 37
36 24
36 27
36 25
36 29
36 41
37 39
37 38
37 40
37 36
37 28
37 27
37 29
37 41
37 24
37 25
38 39
38 40
38 37
38 36
38 28
38 25
38 27
38 41
38 24
38 29
39 36
39 40
39 38
39 37
39 28
39 24
39 27
39 25
39 41
39 42
40 39
40 36
40 38
40 37
40 28
40 27
40 30
40 24
40 29
40 41
41 39
41 38
41 40
41 37
41 36
41 28
41 42
41 29
41 30
41 24
42 39
42 28
42 40
42 36
42 38
42 37
42 41
42 27
42 24
42 29
43 44
43 46
43 45
43 36
43 24
43 39
43 28
43 59
43 49
43 37
44 46
44 43
44 45
44 39
44 36
44 24
44 28
44 40
44 37
44 38
45 46
45 43
45 44
45 36
45 24
45 39
45 28
45 40
45 37
45 38
46 44
46 45
46 43
46 36
46 39
46 37
46 28
46 24
46 40
46 38
47 48
47 49
47 52
47 51
47 26
47 43
47 50
47 24
47 39
47 25
48 49
48 52
48 51
48 50
48 47
48 43
48 24
48 63
48 26
48 39
49 48
49 52
49 50
49 43
49 36
49 26
49 39
49 24
49 51
49 46
50 52
50 49
50 28
50 39
50 36
50 38
50 37
50 48
50 24
50 25
51 48
51 49
51 52
51 47
51 50
51 26
51 43
51 24
51 39
51 44
52 48
52 49
52 50
52 36
52 26
52 40
52 24
52 25
52 39
52 37
53 59
53 56
53 55
53 57
53 54
53 58
53 43
53 48
53 24
53 49
54 57
54 59
54 56
54 53
54 55
54 58
54 43
54 5
54 15
54 48
55 59
55 56
55 53
55 57
55 58
55 54
55 43
55 39
55 36
55 24
56 59
56 55
56 53
56 57
56 58
56 54
56 39
56 24
56 43
56 36
57 59
57 54
57 56
57 55
57 53
57 58
57 43
57 15
57 48
57 49
58 59
58 56
58 55
58 53
58 57
58 54
58 43
58 24
58 39
58 15
59 56
59 55
59 53
59 57
59 58
59 54
59 36
59 43
59 39
59 24
60 63
60 56
60 62
60 59
60 43
60 48
60 49
60 61
60 52
60 26
61 63
61 49
61 48
61 52
61 56
61 43
61 59
61 62
61 55
61 39
62 59
62 49
62 48
62 63
62 52
62 56
62 61
62 43
62 55
62 24
63 49
63 61
63 48
63 52
63 56
63 59
63 43
63 55
63 24
63 62
64 65
64 173
64 164
64 174
64 160
64 162
64 157
64 169
64 147
64 148
65 64
65 173
65 174
65 147
65 162
65 160
65 164
65 169
65 155
65 171
66 67
66 173
66 147
66 70
66 163
66 171
66 170
66 160
66 104
66 148
67 148
67 162
67 66
67 163
67 160
67 173
67 147
67 164
67 104
67 171
68 67
68 162
68 173
68 148
68 160
68 164
68 171
68 163
68 147
68 155
69 65
69 70
69 173
69 64
69 160
69 164
69 174
69 148
69 162
69 155
70 66
70 173
70 67
70 148
70 65
70 174
70 160
70 171
70 163
70 162
71 5
71 69
71 70
71 15
71 1
71 166
71 173
71 54
71 43
71 0
72 70
72 173
72 160
72 148
72 174
72 65
72 164
72 162
72 113
72 169
73 70
73 67
73 66
73 164
73 160
73 171
73 148
73 173
73 174
73 163
74 173
74 160
74 70
74 113
74 174
74 148
74 164
74 162
74 67
74 119
75 76
75 81
75 173
75 149
75 113
75 160
75 119
75 67
75 129
75 164
76 75
76 81
76 160
76 129
76 113
76 162
76 149
76 119
76 173
76 174
77 114
77 113
77 210
77 132
77 112
77 119
77 149
77 282
77 157
77 155
78 129
78 104
78 132
78 113
78 118
78 125
78 107
78 282
78 119
78 108
79 81
79 83
79 173
79 174
79 163
79 171
79 169
79 170
79 129
79 160
80 84
80 81
80 283
80 160
80 162
80 173
80 174
80 161
80 148
80 157
81 79
81 83
81 162
81 160
81 174
81 173
81 148
81 169
81 164
81 129
82 81
82 79
82 83
82 173
82 169
82 163
82 118
82 129
82 178
82 119
83 81
83 79
83 169
83 129
83 160
83 174
83 163
83 173
83 119
83 170
84 80
84 81
84 283
84 160
84 162
84 161
84 174
84 173
84 113
84 282
85 113
85 114
85 112
85 125
85 97
85 126
85 131
85 87
85 88
85 160
86 113
86 112
86 114
86 125
86 97
86 126
86 132
86 122
86 131
86 96
87 113
87 129
87 104
87 160
87 97
87 163
87 169
87 174
87 148
87 164
88 113
88 129
88 97
88 108
88 94
88 107
88 114
88 162
88 174
88 132
89 113
89 88
89 108
89 112
89 98
89 114
89 101
89 104
89 97
89 129
90 113
90 163
90 160
90 173
90 178
90 174
90 181
90 101
90 87
90 104
91 95
91 1
91 70
91 282
91 173
91 0
91 113
91 85
91 210
91 66
92 113
92 114
92 112
92 125
92 132
92 97
92 118
92 210
92 115
92 111
93 114
93 113
93 112
93 125
93 97
93 132
93 126
93 122
93 210
93 131
94 88
94 113
94 97
94 129
94 132
94 114
94 108
94 107
94 104
94 112
95 91
95 1
95 70
95 173
95 282
95 85
95 113
95 169
95 174
95 66
96 113
96 112
96 114
96 97
96 125
96 126
96 122
96 119
96 129
96 131
97 113
97 125
97 129
97 114
97 132
97 119
97 112
97 126
97 131
97 118
98 113
98 97
98 88
98 108
98 104
98 107
98 129
98 112
98 114
98 101
99 129
99 113
99 97
99 104
99 125
99 160
99 132
99 162
99 130
99 88
100 129
100 97
100 113
100 132
100 104
100 107
100 108
100 98
100 125
100 168
101 104
101 111
101 113
101 102
101 160
101 107
101 162
101 108
101 148
101 210
102 113
102 104
102 101
102 108
102 111
102 112
102 114
102 107
102 210
102 160
103 113
103 105
103 108
103 210
103 107
103 116
103 104
103 132
103 109
103 101
104 101
104 113
104 111
104 108
104 106
104 210
104 102
104 107
104 160
104 162
105 103
105 108
105 107
105 113
105 210
105 109
105 116
105 104
105 132
105 114
106 104
106 101
106 108
106 107
106 113
106 111
106 210
106 129
106 102
106 132
107 113
107 108
107 104
107 210
107 112
107 101
107 132
107 111
107 129
107 114
108 113
108 107
108 104
108 111
108 112
108 129
108 132
108 114
108 210
108 102
109 113
109 116
109 107
109 104
109 108
109 112
109 210
109 114
109 103
109 129
110 113
110 114
110 112
110 210
110 125
110 108
110 107
110 122
110 132
110 131
111 101
111 104
111 108
111 113
111 160
111 132
111 112
111 107
111 102
111 114
112 113
112 114
112 108
112 125
112 132
112 104
112 107
112 131
112 111
112 118
113 112
113 114
113 108
113 107
113 125
113 104
113 129
113 132
113 210
113 102
114 113
114 112
114 125
114 132
114 122
114 119
114 131
114 108
114 115
114 126
115 113
115 114
115 112
115 132
115 210
115 104
115 125
115 108
115 107
115 118
116 113
116 109
116 104
116 108
116 107
116 210
116 101
116 103
116 112
116 129
117 113
117 114
117 112
117 108
117 132
117 125
117 122
117 126
117 131
117 119
118 132
118 125
118 119
118 129
118 131
118 126
118 122
118 113
118 112
118 210
119 125
119 118
119 129
119 132
119 131
119 122
119 126
119 113
119 114
119 108
120 129
120 125
120 126
120 131
120 119
120 113
120 118
120 132
120 122
120 124
121 129
121 125
121 119
121 126
121 132
121 118
121 113
121 131
121 122
121 120
122 132
122 131
122 125
122 119
122 126
122 129
122 118
122 113
122 114
122 124
123 129
123 125
123 132
123 119
123 118
123 126
123 128
123 131
123 113
123 174
124 125
124 126
124 122
124 132
124 131
124 119
124 129
124 114
124 118
124 113
125 132
125 119
125 129
125 118
125 122
125 126
125 131
125 113
125 124
125 114
126 129
126 125
126 131
126 132
126 119
126 122
126 118
126 124
126 113
126 114
127 125
127 129
127 128
127 132
127 119
127 126
127 118
127 131
127 113
127 122
128 125
128 129
128 126
128 132
128 119
128 131
128 122
128 118
128 113
128 127
129 125
129 132
129 126
129 119
129 118
129 131
129 113
129 122
129 128
129 104
130 132
130 129
130 125
130 119
130 118
130 131
130 104
130 108
130 126
130 210
131 122
131 132
131 125
131 119
131 126
131 118
131 129
131 113
131 114
131 112
132 125
132 122
132 118
132 131
132 129
132 119
132 126
132 113
132 114
132 210
133 292
133 307
133 306
133 309
133 134
133 328
133 195
133 282
133 142
133 305
134 307
134 292
134 306
134 309
134 305
134 195
134 196
134 142
134 328
134 304
135 292
135 307
135 306
135 195
135 230
135 309
135 321
135 142
135 234
135 282
136 306
136 292
136 307
136 309
136 305
136 282
136 321
136 134
136 230
136 142
137 292
137 307
137 306
137 309
137 142
137 282
137 134
137 195
137 305
137 230
138 292
138 307
138 134
138 196
138 309
138 306
138 142
138 198
138 195
138 328
139 306
139 292
139 309
139 307
139 230
139 142
139 231
139 282
139 234
139 305
140 306
140 307
140 309
140 292
140 230
140 305
140 231
140 394
140 304
140 419
141 292
141 306
141 307
141 309
141 230
141 394
141 233
141 282
141 229
141 305
142 307
142 306
142 292
142 309
142 196
142 195
142 305
142 321
142 316
142 282
143 292
143 306
143 142
143 282
143 230
143 307
143 235
143 233
143 231
143 309
144 142
144 292
144 307
144 306
144 309
144 235
144 321
144 394
144 196
144 195
145 160
145 97
145 114
145 149
145 164
145 132
145 113
145 129
145 148
145 155
146 163
146 155
146 147
146 148
146 149
146 162
146 104
146 164
146 173
146 160
147 163
147 162
147 148
147 160
147 164
147 158
147 155
147 173
147 157
147 171
148 162
148 164
148 160
148 158
148 155
148 163
148 174
148 157
148 173
148 171
149 164
149 148
149 162
149 160
149 157
149 163
149 147
149 171
149 173
149 155
150 148
150 162
150 149
150 157
150 160
150 155
150 164
150 173
150 161
150 171
151 147
151 155
151 157
151 148
151 162
151 149
151 160
151 164
151 174
151 173
152 162
152 160
152 148
152 164
152 155
152 173
152 157
152 163
152 174
152 158
153 148
153 160
153 155
153 162
153 163
153 158
153 157
153 164
153 173
153 147
154 155
154 148
154 162
154 160
154 164
154 157
154 173
154 163
154 147
154 149
155 157
155 162
155 160
155 148
155 164
155 163
155 173
155 174
155 158
155 169
156 148
156 162
156 155
156 164
156 157
156 160
156 163
156 173
156 147
156 161
157 155
157 162
157 160
157 164
157 148
157 163
157 173
157 158
157 174
157 169
158 162
158 164
158 160
158 148
158 163
158 155
158 157
158 147
158 173
158 169
159 162
159 160
159 148
159 164
159 163
159 174
159 158
159 155
159 173
159 157
160 162
160 164
160 148
160 158
160 163
160 155
160 157
160 174
160 161
160 169
161 162
161 160
161 148
161 164
161 155
161 157
161 158
161 149
161 147
161 163
162 160
162 164
162 148
162 158
162 174
162 161
162 155
162 157
162 163
162 169
163 160
163 148
163 162
163 164
163 173
163 155
163 171
163 147
163 158
163 174
164 162
164 160
164 148
164 158
164 155
164 163
164 173
164 157
164 174
164 169
165 163
165 147
165 160
165 148
165 162
165 164
165 173
165 170
165 171
165 155
166 173
166 174
166 169
166 171
166 180
166 170
166 181
166 172
166 178
166 168
167 172
167 173
167 174
167 169
167 180
167 171
167 168
167 170
167 181
167 177
168 173
168 174
168 171
168 169
168 170
168 180
168 181
168 167
168 172
168 178
169 173
169 174
169 181
169 170
169 180
169 171
169 177
169 162
169 172
169 160
170 171
170 173
170 174
170 169
170 180
170 181
170 172
170 168
170 163
170 178
171 170
171 173
171 174
171 169
171 168
171 172
171 163
171 180
171 148
171 181
172 173
172 174
172 167
172 169
172 180
172 171
172 170
172 177
172 168
172 181
173 174
173 180
173 181
173 171
173 168
173 170
173 169
173 172
173 177
173 178
174 173
174 169
174 180
174 181
174 172
174 171
174 170
174 162
174 168
174 177
175 174
175 173
175 181
175 169
175 180
175 177
175 171
175 170
175 178
175 163
176 174
176 169
176 129
176 173
176 167
176 181
176 168
176 170
176 180
176 125
177 173
177 181
177 169
177 174
177 180
177 172
177 178
177 171
177 170
177 167
178 173
178 174
178 169
178 180
178 181
178 170
178 171
178 177
178 172
178 168
179 173
179 180
179 174
179 181
179 169
179 171
179 170
179 177
179 178
179 172
180 173
180 174
180 169
180 181
180 177
180 170
180 172
180 171
180 178
180 168
181 173
181 174
181 169
181 180
181 177
181 170
181 178
181 171
181 168
181 172
182 166
182 173
182 174
182 169
182 180
182 181
182 171
182 178
182 162
182 160
183 173
183 174
183 171
183 180
183 170
183 181
183 168
183 169
183 172
183 178
184 210
184 193
184 185
184 195
184 196
184 132
184 190
184 169
184 321
184 202
185 210
185 195
185 184
185 193
185 196
185 321
185 169
185 328
185 132
185 307
186 196
186 210
186 197
186 193
186 195
186 132
186 113
186 114
186 321
186 202
187 196
187 210
187 195
187 193
187 184
187 185
187 321
187 114
187 188
187 169
188 193
188 195
188 210
188 196
188 185
188 321
188 328
188 307
188 132
188 292
189 196
189 193
189 114
189 210
189 197
189 190
189 195
189 321
189 142
189 132
190 114
190 210
190 113
190 112
190 193
190 169
190 184
190 122
190 131
190 125
191 184
191 190
191 210
191 193
191 196
191 185
191 114
191 169
191 195
191 197
192 195
192 210
192 307
192 321
192 185
192 169
192 306
192 132
192 196
192 292
193 210
193 196
193 195
193 321
193 132
193 307
193 169
193 184
193 142
193 185
194 196
194 195
194 198
194 328
194 197
194 202
194 201
194 292
194 333
194 307
195 196
195 328
195 198
195 307
195 202
195 306
195 292
195 309
195 197
195 333
196 195
196 197
196 198
196 328
196 334
196 202
196 307
196 292
196 194
196 205
197 196
197 198
197 195
197 328
197 307
197 334
197 202
197 194
197 205
197 142
198 196
198 195
198 197
198 202
198 328
198 292
198 307
198 306
198 309
198 142
199 197
199 196
199 198
199 195
199 328
199 142
199 292
199 307
199 134
199 334
200 195
200 292
200 328
200 198
200 196
200 306
200 309
200 202
200 307
200 333
201 196
201 195
201 328
201 198
201 194
201 197
201 292
201 202
201 307
201 306
202 195
202 196
202 198
202 328
202 292
202 333
202 306
202 307
202 309
202 197
203 198
203 196
203 195
203 202
203 197
203 328
203 307
203 142
203 292
203 306
204 196
204 195
204 198
204 202
204 292
204 328
204 306
204 307
204 197
204 333
205 196
205 195
205 198
205 328
205 197
205 292
205 202
205 307
205 306
205 309
206 196
206 195
206 198
206 292
206 328
206 202
206 307
206 197
206 306
206 142
207 196
207 197
207 198
207 195
207 292
207 328
207 307
207 142
207 334
207 202
208 196
208 198
208 195
208 292
208 197
208 328
208 202
208 142
208 306
208 307
209 210
209 211
209 217
209 132
209 104
209 162
209 108
209 160
209 216
209 107
210 211
210 209
210 113
210 162
210 104
210 160
210 169
210 132
210 107
210 217
211 210
211 132
211 209
211 104
211 113
211 169
211 217
211 163
211 160
211 107
212 210
212 114
212 113
212 132
212 211
212 112
212 209
212 125
212 217
212 169
213 210
213 104
213 162
213 111
213 160
213 132
213 217
213 209
213 107
213 211
214 210
214 104
214 107
214 108
214 162
214 217
214 113
214 132
214 211
214 160
215 210
215 113
215 104
215 164
215 162
215 160
215 209
215 169
215 108
215 170
216 210
216 162
216 211
216 209
216 160
216 148
216 104
216 164
216 163
216 157
217 210
217 113
217 104
217 162
217 108
217 211
217 129
217 160
217 209
217 132
218 210
218 104
218 209
218 211
218 132
218 107
218 113
218 160
218 217
218 148
219 210
219 104
219 162
219 160
219 132
219 164
219 217
219 169
219 148
219 108
220 230
220 229
220 231
220 235
220 221
220 307
220 306
220 292
220 233
220 234
221 229
221 235
221 230
221 307
221 231
221 306
221 234
221 232
221 321
221 233
222 230
222 231
222 229
222 235
222 234
222 306
222 292
222 307
222 221
222 233
223 230
223 221
223 229
223 235
223 231
223 306
223 307
223 234
223 292
223 233
224 230
224 229
224 221
224 235
224 307
224 306
224 231
224 234
224 292
224 233
225 230
225 229
225 235
225 221
225 234
225 307
225 306
225 231
225 233
225 292
226 229
226 230
226 306
226 235
226 307
226 231
226 234
226 221
226 292
226 233
227 229
227 231
227 230
227 307
227 234
227 306
227 221
227 292
227 233
227 235
228 230
228 229
228 306
228 234
228 307
228 231
228 235
228 221
228 233
228 232
229 230
229 306
229 307
229 231
229 221
229 235
229 292
229 234
229 309
229 233
230 234
230 235
230 231
230 306
230 233
230 229
230 232
230 307
230 292
230 309
231 230
231 306
231 307
231 235
231 234
231 229
231 309
231 292
231 233
231 221
232 230
232 234
232 306
232 235
232 233
232 307
232 231
232 292
232 309
232 229
233 234
233 230
233 306
233 235
233 231
233 232
233 292
233 307
233 309
233 229
234 230
234 233
234 235
234 231
234 306
234 232
234 292
234 307
234 229
234 221
235 230
235 306
235 234
235 231
235 307
235 232
235 292
235 221
235 233
235 309
236 307
236 393
236 306
236 394
236 309
236 292
236 305
236 392
236 395
236 419
237 306
237 307
237 394
237 393
237 309
237 292
237 392
237 305
237 230
237 419
238 255
238 261
238 394
238 292
238 666
238 271
238 674
238 736
238 463
238 438
239 261
239 666
239 426
239 736
239 394
239 657
239 255
239 463
239 674
239 292
240 736
240 394
240 261
240 666
240 426
240 424
240 674
240 255
240 681
240 292
241 394
241 463
241 736
241 392
241 428
241 292
241 393
241 255
241 407
241 412
242 261
242 255
242 736
242 666
242 394
242 674
242 292
242 426
242 424
242 392
243 736
243 426
243 666
243 463
243 261
243 394
243 255
243 424
243 674
243 737
244 394
244 261
244 255
244 426
244 392
244 463
244 292
244 666
244 736
244 258
245 255
245 292
245 394
245 261
245 463
245 258
245 736
245 392
245 306
245 238
246 292
246 261
246 255
246 394
246 258
246 251
246 259
246 271
246 306
246 307
247 292
247 394
247 255
247 261
247 271
247 736
247 463
247 392
247 306
247 412
248 292
248 261
248 394
248 255
248 392
248 463
248 736
248 412
248 426
248 306
249 261
249 255
249 292
249 394
249 258
249 306
249 251
249 271
249 307
249 270
250 292
250 255
250 261
250 251
250 463
250 306
250 394
250 258
250 309
250 307
251 255
251 292
251 261
251 394
251 306
251 392
251 463
251 271
251 309
251 393
252 255
252 394
252 261
252 463
252 292
252 238
252 736
252 392
252 251
252 412
253 394
253 392
253 393
253 402
253 292
253 412
253 736
253 398
253 261
253 463
254 255
254 261
254 258
254 292
254 463
254 260
254 271
254 394
254 265
254 259
255 261
255 258
255 259
255 292
255 394
255 271
255 392
255 463
255 260
255 265
256 261
256 255
256 292
256 258
256 259
256 463
256 271
256 394
256 736
256 392
257 261
257 255
257 258
257 292
257 259
257 271
257 265
257 270
257 306
257 394
258 255
258 261
258 259
258 292
258 463
258 394
258 271
258 260
258 392
258 736
259 261
259 255
259 258
259 394
259 270
259 271
259 292
259 412
259 424
259 269
260 261
260 255
260 258
260 292
260 259
260 271
260 394
260 265
260 270
260 306
261 255
261 259
261 258
261 270
261 292
261 394
261 271
261 260
261 306
261 424
262 255
262 261
262 258
262 259
262 265
262 666
262 292
262 736
262 674
262 238
263 261
263 255
263 681
263 666
263 674
263 424
263 259
263 270
263 736
263 438
264 736
264 394
264 255
264 666
264 261
264 292
264 426
264 657
264 463
264 674
265 255
265 261
265 292
265 258
265 271
265 394
265 269
265 259
265 306
265 260
266 261
266 394
266 292
266 255
266 265
266 736
266 392
266 393
266 426
266 424
267 265
267 255
267 261
267 292
267 736
267 463
267 394
267 238
267 392
267 259
268 261
268 424
268 255
268 438
268 394
268 292
268 371
268 306
268 230
268 307
269 261
269 292
269 255
269 271
269 394
269 306
269 392
269 307
269 270
269 259
270 261
270 255
270 292
270 394
270 424
270 271
270 412
270 306
270 259
270 258
271 261
271 292
271 255
271 306
271 394
271 392
271 307
271 309
271 258
271 412
272 261
272 270
272 255
272 306
272 292
272 271
272 394
272 424
272 412
272 736
273 261
273 255
273 292
273 394
273 271
273 270
273 258
273 424
273 269
273 666
274 255
274 292
274 276
274 394
274 271
274 398
274 269
274 258
274 261
274 402
275 292
275 261
275 394
275 392
275 255
275 258
275 271
275 393
275 463
275 402
276 292
276 394
276 392
276 393
276 255
276 402
276 261
276 271
276 269
276 398
277 255
277 394
277 392
277 292
277 271
277 393
277 402
277 261
277 380
277 258
278 292
278 394
278 392
278 393
278 261
278 271
278 255
278 402
278 269
278 380
279 394
279 292
279 392
279 393
279 402
279 398
279 411
279 400
279 407
279 271
280 394
280 392
280 292
280 393
280 402
280 379
280 428
280 398
280 380
280 391
281 292
281 282
281 307
281 306
281 394
281 309
281 392
281 736
281 412
281 305
282 292
282 306
282 307
282 230
282 169
282 309
282 321
282 234
282 171
282 173
283 282
283 292
283 113
283 306
283 169
283 132
283 160
283 162
283 155
283 210
284 292
284 282
284 306
284 394
284 307
284 412
284 392
284 736
284 393
284 419
285 292
285 394
285 412
285 392
285 736
285 306
285 424
285 419
285 724
285 282
286 292
286 306
286 282
286 394
286 392
286 309
286 307
286 412
286 393
286 305
287 292
287 394
287 736
287 392
287 282
287 412
287 306
287 424
287 419
287 724
288 292
288 306
288 282
288 394
288 307
288 309
288 412
288 736
288 392
288 230
289 292
289 306
289 282
289 394
289 309
289 307
289 412
289 736
289 392
289 288
290 292
290 282
290 306
290 394
290 307
290 736
290 412
290 424
290 392
290 288
291 292
291 306
291 309
291 394
291 282
291 412
291 736
291 307
291 392
291 288
292 282
292 306
292 309
292 307
292 394
292 392
292 412
292 736
292 305
292 419
293 283
293 282
293 292
293 132
293 113
293 114
293 131
293 119
293 125
293 210
294 306
294 307
294 309
294 305
294 316
294 304
294 297
294 310
294 301
294 292
295 309
295 306
295 307
295 305
295 304
295 292
295 297
295 311
295 308
295 316
296 306
296 307
296 309
296 305
296 304
296 316
296 297
296 311
296 292
296 294
297 306
297 309
297 307
297 305
297 304
297 316
297 308
297 311
297 292
297 310
298 306
298 309
298 307
298 304
298 305
298 292
298 297
298 316
298 308
298 311
299 306
299 307
299 309
299 305
299 297
299 304
299 316
299 294
299 292
299 310
300 306
300 307
300 309
300 305
300 292
300 308
300 316
300 304
300 297
300 311
301 306
301 307
301 309
301 305
301 297
301 304
301 292
301 294
301 230
301 316
302 307
302 306
302 309
302 305
302 294
302 304
302 297
302 316
302 292
302 301
303 306
303 309
303 307
303 305
303 304
303 297
303 316
303 311
303 292
303 308
304 306
304 307
304 309
304 305
304 297
304 316
304 292
304 311
304 308
304 310
305 306
305 309
305 307
305 304
305 297
305 316
305 311
305 292
305 308
305 310
306 309
306 307
306 305
306 297
306 304
306 316
306 292
306 311
306 294
306 308
307 306
307 309
307 305
307 304
307 297
307 316
307 292
307 294
307 310
307 311
308 309
308 306
308 307
308 305
308 292
308 297
308 304
308 311
308 394
308 392
309 306
309 307
309 305
309 297
309 316
309 304
309 308
309 311
309 310
309 292
310 309
310 307
310 306
310 305
310 297
310 315
310 304
310 316
310 294
310 311
311 309
311 306
311 307
311 305
311 292
311 297
311 304
311 308
311 316
311 310
312 306
312 307
312 309
312 305
312 292
312 316
312 304
312 297
312 311
312 308
313 306
313 309
313 307
313 305
313 294
313 304
313 316
313 297
313 292
313 311
314 309
314 306
314 307
314 305
314 304
314 297
314 294
314 308
314 316
314 310
315 309
315 307
315 306
315 305
315 310
315 297
315 304
315 316
315 311
315 292
316 306
316 309
316 307
316 305
316 304
316 297
316 292
316 294
316 310
316 311
317 306
317 307
317 309
317 292
317 305
317 304
317 736
317 316
317 294
317 424
318 307
318 306
318 309
318 292
318 321
318 305
318 323
318 195
318 235
318 230
319 321
319 307
319 306
319 323
319 309
319 292
319 305
319 195
319 235
319 230
320 306
320 309
320 307
320 323
320 292
320 321
320 305
320 322
320 230
320 195
321 307
321 319
321 306
321 323
321 309
321 292
321 230
321 282
321 305
321 210
322 323
322 307
322 306
322 309
322 292
322 321
322 320
322 305
322 235
322 230
323 306
323 307
323 321
323 309
323 292
323 230
323 235
323 305
323 231
323 322
324 306
324 307
324 292
324 309
324 230
324 305
324 323
324 321
324 231
324 234
325 328
325 333
325 196
325 195
325 334
325 292
325 306
325 307
325 198
325 309
326 328
326 333
326 195
326 292
326 196
326 306
326 307
326 334
326 309
326 202
327 328
327 333
327 292
327 195
327 196
327 202
327 306
327 334
327 307
327 282
328 333
328 195
328 196
328 292
328 334
328 306
328 307
328 309
328 198
328 230
329 328
329 333
329 292
329 195
329 196
329 306
329 309
329 307
329 198
329 334
330 328
330 333
330 292
330 195
330 196
330 334
330 306
330 307
330 309
330 231
331 328
331 333
331 195
331 292
331 306
331 196
331 307
331 309
331 334
331 202
332 328
332 333
332 195
332 196
332 292
332 202
332 334
332 198
332 307
332 306
333 328
333 306
333 292
333 195
333 307
333 309
333 230
333 196
333 231
333 234
334 328
334 196
334 333
334 292
334 195
334 197
334 198
334 306
334 307
334 235
335 339
335 337
335 367
335 366
335 393
335 394
335 407
335 419
335 392
335 395
336 339
336 337
336 335
336 393
336 394
336 367
336 483
336 514
336 392
336 506
337 394
337 339
337 393
337 412
337 392
337 407
337 335
337 419
337 395
337 402
338 339
338 419
338 416
338 394
338 367
338 393
338 335
338 371
338 370
338 366
339 335
339 367
339 337
339 419
339 393
339 371
339 366
339 370
339 342
339 343
340 339
340 419
340 394
340 424
340 393
340 416
340 412
340 392
340 371
340 367
341 339
341 335
341 368
341 338
341 371
341 366
341 419
341 337
341 367
341 416
342 339
342 424
342 371
342 370
342 419
342 438
342 394
342 343
342 393
342 681
343 371
343 370
343 438
343 424
343 394
343 339
343 419
343 393
343 514
343 483
344 343
344 370
344 371
344 438
344 339
344 358
344 424
344 342
344 394
344 681
345 339
345 371
345 370
345 343
345 342
345 337
345 393
345 394
345 494
345 514
346 339
346 347
346 393
346 335
346 366
346 337
346 367
346 343
346 506
346 394
347 339
347 335
347 337
347 483
347 393
347 506
347 366
347 343
347 346
347 371
348 339
348 393
348 335
348 366
348 506
348 394
348 371
348 464
348 367
348 343
349 339
349 464
349 374
349 371
349 393
349 343
349 370
349 394
349 466
349 465
350 374
350 464
350 339
350 362
350 466
350 393
350 349
350 376
350 337
350 465
351 505
351 367
351 424
351 370
351 419
351 395
351 438
351 394
351 388
351 392
352 339
352 367
352 335
352 424
352 371
352 370
352 343
352 366
352 358
352 490
353 339
353 367
353 419
353 366
353 393
353 416
353 371
353 394
353 355
353 395
354 367
354 339
354 419
354 366
354 395
354 394
354 393
354 368
354 416
354 370
355 339
355 419
355 367
355 424
355 393
355 394
355 371
355 395
355 370
355 416
356 367
356 419
356 339
356 395
356 416
356 394
356 424
356 393
356 370
356 392
357 395
357 419
357 367
357 370
357 416
357 424
357 393
357 339
357 394
357 368
358 371
358 370
358 438
358 424
358 419
358 666
358 394
358 681
358 682
358 669
359 438
359 370
359 371
359 670
359 424
359 358
359 666
359 681
359 419
359 682
360 802
360 367
360 812
360 393
360 339
360 507
360 505
360 808
360 814
360 395
361 370
361 371
361 367
361 393
361 424
361 395
361 419
361 339
361 505
361 438
362 374
362 464
362 339
362 393
362 371
362 394
362 307
362 465
362 349
362 363
363 339
363 374
363 464
363 371
363 393
363 376
363 367
363 394
363 419
363 349
364 371
364 464
364 374
364 370
364 393
364 394
364 438
364 339
364 424
364 419
365 339
365 307
365 380
365 394
365 393
365 367
365 306
365 371
365 419
365 424
366 367
366 393
366 394
366 419
366 395
366 392
366 407
366 416
366 339
366 391
367 394
367 393
367 419
367 392
367 407
367 412
367 395
367 424
367 413
367 411
368 339
368 367
368 419
368 416
368 394
368 393
368 366
368 371
368 395
368 370
369 339
369 394
369 393
369 419
369 416
369 367
369 407
369 371
369 392
369 424
370 438
370 371
370 426
370 394
370 424
370 666
370 670
370 419
370 682
370 669
371 370
371 438
371 424
371 394
371 419
371 426
371 666
371 736
371 681
371 669
372 371
372 339
372 393
372 367
372 370
372 438
372 394
372 343
372 358
372 506
373 339
373 371
373 394
373 370
373 393
373 506
373 343
373 438
373 416
373 419
374 339
374 393
374 371
374 464
374 394
374 370
374 419
374 465
374 424
374 438
375 393
375 464
375 371
375 374
375 394
375 339
375 465
375 370
375 419
375 392
376 339
376 464
376 371
376 374
376 393
376 466
376 465
376 394
376 370
376 363
377 464
377 465
377 371
377 339
377 393
377 466
377 394
377 370
377 374
377 438
378 307
378 382
378 339
378 306
378 365
378 393
378 394
378 229
378 221
378 424
379 380
379 412
379 394
379 411
379 392
379 402
379 407
379 736
379 726
379 419
380 394
380 379
380 412
380 392
380 402
380 419
380 393
380 411
380 407
380 736
381 380
381 382
381 367
381 339
381 393
381 394
381 292
381 419
381 366
381 307
382 380
382 381
382 339
382 393
382 394
382 367
382 307
382 306
382 419
382 292
383 380
383 381
383 382
383 393
383 339
383 367
383 197
383 366
383 394
383 335
384 736
384 394
384 724
384 729
384 737
384 412
384 666
384 426
384 738
384 424
385 412
385 394
385 736
385 392
385 724
385 424
385 726
385 729
385 737
385 402
386 394
386 412
386 392
386 402
386 411
386 419
386 424
386 416
386 736
386 407
387 412
387 394
387 411
387 736
387 726
387 402
387 392
387 724
387 729
387 407
388 394
388 412
388 424
388 392
388 419
388 402
388 393
388 411
388 416
388 407
389 412
389 736
389 724
389 394
389 726
389 424
389 438
389 737
389 411
389 729
390 412
390 724
390 736
390 424
390 394
390 631
390 438
390 411
390 433
390 726
391 394
391 412
391 392
391 393
391 419
391 402
391 395
391 736
391 407
391 411
392 394
392 412
392 402
392 411
392 419
392 393
392 407
392 736
392 391
392 398
393 394
393 392
393 412
393 419
393 402
393 395
393 391
393 407
393 398
393 396
394 412
394 392
394 402
394 393
394 419
394 736
394 411
394 407
394 398
394 391
395 394
395 392
395 393
395 412
395 419
395 391
395 402
395 407
395 736
395 396
396 394
396 412
396 392
396 402
396 419
396 393
396 407
396 736
396 398
396 411
397 393
397 394
397 392
397 402
397 398
397 395
397 407
397 416
397 412
397 410
398 394
398 412
398 392
398 402
398 393
398 411
398 416
398 407
398 419
398 396
399 412
399 392
399 394
399 411
399 400
399 402
399 736
399 407
399 726
399 724
400 412
400 394
400 392
400 411
400 402
400 407
400 736
400 398
400 726
400 724
401 394
401 412
401 392
401 402
401 393
401 398
401 411
401 400
401 736
401 396
402 412
402 394
402 392
402 411
402 407
402 736
402 400
402 393
402 398
402 419
403 394
403 412
403 392
403 402
403 393
403 407
403 391
403 411
403 419
403 395
404 394
404 398
404 392
404 402
404 412
404 393
404 396
404 407
404 391
404 419
405 412
405 411
405 402
405 394
405 392
405 407
405 400
405 419
405 726
405 398
406 412
406 411
406 394
406 402
406 392
406 407
406 416
406 419
406 726
406 724
407 412
407 394
407 392
407 411
407 402
407 419
407 393
407 736
407 398
407 400
408 394
408 412
408 392
408 736
408 402
408 407
408 411
408 400
408 726
408 393
409 394
409 412
409 392
409 411
409 407
409 402
409 419
409 736
409 393
409 400
410 398
410 394
410 412
410 402
410 392
410 393
410 416
410 411
410 407
410 736
411 412
411 392
411 402
411 394
411 407
411 400
411 726
411 736
411 724
411 419
412 394
412 411
412 392
412 402
412 419
412 736
412 407
412 724
412 400
412 726
413 412
413 394
413 392
413 411
413 407
413 402
413 419
413 393
413 395
413 424
414 412
414 394
414 392
414 402
414 411
414 736
414 724
414 407
414 726
414 400
415 412
415 394
415 419
415 392
415 424
415 416
415 402
415 411
415 736
415 393
416 419
416 394
416 412
416 392
416 736
416 398
416 424
416 393
416 724
416 407
417 394
417 419
417 416
417 392
417 393
417 412
417 736
417 424
417 395
417 407
418 394
418 736
418 419
418 412
418 724
418 416
418 392
418 424
418 737
418 729
419 412
419 394
419 424
419 392
419 416
419 736
419 393
419 402
419 407
419 411
420 419
420 412
420 394
420 424
420 736
420 392
420 724
420 416
420 737
420 411
421 394
421 424
421 419
421 393
421 392
421 371
421 416
421 412
421 370
421 438
422 424
422 370
422 419
422 371
422 438
422 367
422 682
422 358
422 681
422 394
423 412
423 736
423 394
423 724
423 424
423 419
423 726
423 729
423 411
423 392
424 419
424 412
424 394
424 736
424 392
424 438
424 724
424 416
424 729
424 737
425 736
425 426
425 394
425 724
425 726
425 412
425 438
425 729
425 737
425 424
426 438
426 736
426 394
426 666
426 412
426 724
426 428
426 433
426 737
426 424
427 426
427 736
427 666
427 674
427 724
427 438
427 667
427 737
427 428
427 665
428 426
428 394
428 736
428 412
428 392
428 543
428 402
428 724
428 544
428 549
429 426
429 736
429 394
429 724
429 438
429 412
429 726
429 737
429 666
429 729
430 549
430 412
430 543
430 751
430 544
430 534
430 546
430 394
430 755
430 411
431 412
431 438
431 433
431 432
431 394
431 426
431 544
431 546
431 411
431 534
432 433
432 438
432 426
432 412
432 394
432 736
432 666
432 424
432 434
432 419
433 434
433 438
433 426
433 666
433 432
433 669
433 412
433 736
433 674
433 665
434 433
434 438
434 666
434 426
434 436
434 669
434 432
434 439
434 665
434 412
435 433
435 434
435 438
435 432
435 412
435 669
435 670
435 666
435 426
435 424
436 666
436 438
436 434
436 433
436 669
436 681
436 667
436 426
436 665
436 674
437 426
437 438
437 433
437 666
437 736
437 412
437 394
437 424
437 724
437 434
438 666
438 426
438 424
438 669
438 674
438 394
438 736
438 370
438 433
438 667
439 666
439 438
439 736
439 426
439 669
439 674
439 665
439 433
439 724
439 434
440 438
440 426
440 394
440 736
440 412
440 424
440 666
440 724
440 751
440 544
441 736
441 412
441 549
441 394
441 426
441 724
441 392
441 726
441 751
441 411
442 412
442 394
442 392
442 411
442 424
442 402
442 407
442 736
442 419
442 292
443 394
443 412
443 392
443 402
443 411
443 292
443 736
443 407
443 424
443 393
444 394
444 412
444 424
444 392
444 442
444 411
444 407
444 402
444 736
444 292
445 394
445 292
445 392
445 412
445 402
445 407
445 393
445 736
445 411
445 398
446 394
446 402
446 392
446 412
446 549
446 411
446 400
446 543
446 410
446 736
447 736
447 394
447 724
447 737
447 726
447 729
447 392
447 412
447 735
447 426
448 394
448 736
448 412
448 543
448 724
448 737
448 729
448 666
448 426
448 703
449 736
449 724
449 394
449 737
449 412
449 729
449 426
449 392
449 726
449 735
450 736
450 394
450 724
450 412
450 726
450 737
450 392
450 729
450 735
450 543
451 394
451 736
451 543
451 392
451 724
451 412
451 393
451 544
451 402
451 726
452 585
452 410
452 575
452 588
452 402
452 549
452 543
452 758
452 551
452 557
453 736
453 724
453 394
453 737
453 412
453 726
453 543
453 729
453 392
453 623
454 736
454 724
454 726
454 543
454 394
454 549
454 729
454 755
454 737
454 412
455 393
455 394
455 366
455 392
455 402
455 506
455 514
455 367
455 395
455 407
456 394
456 393
456 410
456 392
456 402
456 398
456 400
456 588
456 407
456 736
457 394
457 392
457 402
457 393
457 412
457 407
457 736
457 391
457 411
457 400
458 394
458 412
458 463
458 736
458 392
458 398
458 419
458 543
458 724
458 402
459 394
459 412
459 398
459 392
459 463
459 736
459 543
459 724
459 402
459 416
460 393
460 394
460 371
460 464
460 419
460 370
460 463
460 392
460 438
460 424
461 463
461 394
461 392
461 412
461 419
461 736
461 426
461 393
461 424
461 398
462 463
462 394
462 412
462 419
462 392
462 461
462 398
462 424
462 396
462 426
463 736
463 394
463 392
463 428
463 412
463 737
463 426
463 724
463 419
463 461
464 394
464 393
464 419
464 463
464 465
464 392
464 424
464 371
464 412
464 416
465 394
465 392
465 412
465 393
465 419
465 402
465 407
465 424
465 391
465 438
466 394
466 464
466 393
466 465
466 392
466 412
466 419
466 424
466 370
466 407
467 394
467 393
467 419
467 465
467 424
467 371
467 392
467 438
467 464
467 367
468 394
468 464
468 393
468 465
468 392
468 463
468 419
468 412
468 424
468 407
469 394
469 463
469 255
469 392
469 402
469 292
469 393
469 736
469 261
469 428
470 394
470 392
470 402
470 393
470 411
470 463
470 407
470 398
470 255
470 292
471 394
471 463
471 428
471 393
471 292
471 392
471 736
471 402
471 398
471 255
472 394
472 412
472 392
472 736
472 402
472 411
472 724
472 400
472 729
472 419
473 394
473 411
473 392
473 412
473 400
473 402
473 549
473 751
473 726
473 736
474 402
474 394
474 392
474 412
474 411
474 400
474 736
474 398
474 726
474 549
475 482
475 520
475 517
475 514
475 494
475 796
475 485
475 506
475 486
475 789
476 514
476 506
476 517
476 520
476 486
476 483
476 482
476 494
476 339
476 796
477 482
477 486
477 506
477 517
477 514
477 494
477 520
477 483
477 339
477 495
478 482
478 506
478 486
478 514
478 494
478 517
478 520
478 515
478 495
478 483
479 482
479 520
479 517
479 494
479 514
479 495
479 335
479 796
479 339
479 506
480 514
480 494
480 506
480 482
480 339
480 486
480 520
480 483
480 517
480 343
481 486
481 514
481 482
481 339
481 506
481 517
481 483
481 494
481 796
481 495
482 520
482 494
482 517
482 486
482 514
482 796
482 339
482 506
482 788
482 483
483 506
483 514
483 751
483 543
483 534
483 544
483 646
483 486
483 703
483 484
484 534
484 751
484 543
484 544
484 703
484 565
484 514
484 669
484 666
484 549
485 506
485 486
485 646
485 483
485 827
485 514
485 829
485 826
485 703
485 822
486 506
486 646
486 827
486 483
486 514
486 703
486 826
486 565
486 501
486 704
487 510
487 490
487 483
487 681
487 488
487 486
487 506
487 682
487 669
487 666
488 510
488 483
488 681
488 669
488 490
488 506
488 666
488 657
488 682
488 514
489 681
489 682
489 490
489 666
489 659
489 679
489 669
489 674
489 667
489 668
490 681
490 682
490 510
490 659
490 669
490 666
490 670
490 679
490 674
490 667
491 492
491 502
491 511
491 503
491 393
491 339
491 366
491 380
491 745
491 394
492 502
492 503
492 511
492 393
492 339
492 366
492 380
492 394
492 506
492 491
493 514
493 506
493 515
493 517
493 494
493 483
493 513
493 827
493 486
493 646
494 514
494 751
494 483
494 506
494 515
494 517
494 513
494 486
494 827
494 512
495 514
495 517
495 506
495 751
495 501
495 827
495 486
495 483
495 515
495 494
496 802
496 804
496 801
496 812
496 505
496 806
496 507
496 500
496 807
496 497
497 802
497 496
497 804
497 801
497 812
497 505
497 806
497 507
497 808
497 807
498 505
498 802
498 804
498 500
498 812
498 806
498 507
498 808
498 814
498 367
499 802
499 804
499 812
499 808
499 801
499 505
499 806
499 507
499 703
499 814
500 505
500 804
500 806
500 802
500 507
500 703
500 822
500 807
500 704
500 812
501 736
501 724
501 726
501 729
501 737
501 735
501 738
501 725
501 703
501 565
502 503
502 339
502 492
502 511
502 393
502 366
502 380
502 371
502 394
502 367
503 502
503 492
503 511
503 339
503 393
503 366
503 380
503 394
503 416
503 367
504 751
504 514
504 515
504 506
504 513
504 512
504 483
504 501
504 736
504 646
505 543
505 703
505 534
505 544
505 704
505 565
505 669
505 666
505 707
505 751
506 646
506 703
506 565
506 569
506 736
506 543
506 558
506 486
506 704
506 570
507 703
507 565
507 569
507 704
507 558
507 543
507 736
507 570
507 646
507 575
508 659
508 666
508 682
508 669
508 681
508 674
508 665
508 652
508 657
508 667
509 670
509 666
509 681
509 682
509 669
509 438
509 674
509 667
509 659
509 668
510 681
510 669
510 666
510 674
510 682
510 657
510 668
510 667
510 659
510 665
511 502
511 503
511 492
511 393
511 339
511 380
511 366
511 367
511 745
511 394
512 751
512 758
512 755
512 514
512 736
512 726
512 757
512 515
512 724
512 543
513 751
513 514
513 515
513 736
513 758
513 724
513 755
513 506
513 703
513 512
514 751
514 515
514 755
514 736
514 758
514 543
514 724
514 506
514 703
514 726
515 751
515 514
515 758
515 755
515 736
515 724
515 543
515 726
515 757
515 534
516 751
516 514
516 515
516 506
516 513
516 512
516 736
516 703
516 724
516 501
517 751
517 514
517 506
517 736
517 783
517 724
517 646
517 703
517 543
517 515
518 802
518 507
518 505
518 804
518 812
518 801
518 703
518 808
518 707
518 806
519 514
519 517
519 506
519 486
519 521
519 393
519 367
519 730
519 751
519 826
520 482
520 514
520 494
520 517
520 506
520 486
520 483
520 339
520 796
520 827
521 339
521 486
521 506
521 514
521 393
521 371
521 370
521 827
521 517
521 343
522 588
522 575
522 587
522 1003
522 590
522 703
522 585
522 1005
522 586
522 1006
523 703
523 704
523 543
523 954
523 886
523 920
523 1003
523 706
523 529
523 707
524 736
524 726
524 724
524 751
524 729
524 758
524 755
524 575
524 737
524 565
525 544
525 534
525 543
525 549
525 736
525 546
525 565
525 547
525 724
525 666
526 544
526 736
526 534
526 666
526 546
526 724
526 525
526 543
526 565
526 726
527 544
527 543
527 549
527 534
527 736
527 546
527 532
527 547
527 724
527 551
528 543
528 549
528 534
528 544
528 532
528 551
528 546
528 736
528 703
528 758
529 543
529 534
529 703
529 544
529 704
529 565
529 575
529 736
529 569
529 547
530 543
530 534
530 544
530 736
530 549
530 565
530 703
530 546
530 535
530 547
531 543
531 534
531 544
531 549
531 546
531 532
531 547
531 703
531 505
531 736
532 534
532 543
532 549
532 544
532 546
532 535
532 533
532 736
532 703
532 565
533 534
533 549
533 543
533 544
533 532
533 546
533 535
533 551
533 751
533 547
534 543
534 544
534 549
534 546
534 532
534 535
534 703
534 547
534 533
534 565
535 534
535 543
535 544
535 549
535 546
535 532
535 565
535 547
535 703
535 751
536 543
536 668
536 703
536 565
536 534
536 544
536 669
536 666
536 905
536 674
537 543
537 544
537 534
537 549
537 565
537 546
537 736
537 547
537 726
537 551
538 534
538 544
538 543
538 549
538 546
538 736
538 547
538 535
538 532
538 751
539 534
539 543
539 544
539 549
539 703
539 704
539 546
539 751
539 535
539 565
540 565
540 704
540 703
540 570
540 575
540 534
540 549
540 751
540 543
540 755
541 585
541 588
541 575
541 599
541 590
541 579
541 587
541 704
541 586
541 752
542 585
542 575
542 588
542 758
542 751
542 549
542 726
542 752
542 543
542 587
543 544
543 534
543 549
543 703
543 546
543 547
543 736
543 565
543 529
543 532
544 543
544 534
544 549
544 546
544 547
544 565
544 736
544 703
544 724
544 532
545 543
545 534
545 544
545 546
545 549
545 547
545 703
545 565
545 535
545 724
546 544
546 543
546 534
546 549
546 736
546 547
546 565
546 724
546 726
546 535
547 543
547 544
547 534
547 736
547 565
547 549
547 724
547 546
547 703
547 726
548 543
548 544
548 546
548 534
548 549
548 736
548 565
548 547
548 724
548 726
549 544
549 543
549 534
549 546
549 532
549 551
549 547
549 751
549 755
549 736
550 549
550 544
550 543
550 534
550 546
550 532
550 547
550 736
550 565
550 551
551 549
551 543
551 534
551 544
551 546
551 532
551 547
551 758
551 736
551 751
552 549
552 543
552 544
552 534
552 551
552 532
552 546
552 751
552 758
552 755
553 565
553 726
553 736
553 558
553 549
553 543
553 724
553 534
553 544
553 703
554 575
554 736
554 565
554 588
554 726
554 703
554 724
554 729
554 558
554 543
555 575
555 585
555 588
555 704
555 703
555 549
555 587
555 751
555 758
555 543
556 703
556 562
556 565
556 704
556 559
556 570
556 1003
556 560
556 569
556 692
557 565
557 543
557 736
557 558
557 569
557 703
557 724
557 726
557 575
557 549
558 565
558 736
558 569
558 703
558 543
558 570
558 724
558 726
558 737
558 639
559 703
559 565
559 562
559 569
559 543
559 704
559 570
559 1003
559 1005
559 639
560 565
560 703
560 704
560 570
560 562
560 559
560 569
560 707
560 1003
560 1005
561 703
561 565
561 704
561 570
561 562
561 569
561 560
561 559
561 1003
561 707
562 565
562 703
562 569
562 559
562 570
562 704
562 543
562 1003
562 560
562 558
563 565
563 703
563 570
563 704
563 543
563 534
563 569
563 575
563 562
563 558
564 565
564 703
564 726
564 736
564 570
564 534
564 724
564 543
564 544
564 704
565 570
565 703
565 736
565 724
565 569
565 726
565 558
565 543
565 737
565 562
566 565
566 703
566 570
566 704
566 543
566 562
566 726
566 569
566 724
566 534
567 703
567 562
567 565
567 559
567 704
567 1003
567 569
567 560
567 1005
567 570
568 565
568 703
568 575
568 736
568 704
568 726
568 724
568 543
568 570
568 534
569 565
569 703
569 736
569 558
569 543
569 570
569 562
569 724
569 704
569 639
570 565
570 703
570 569
570 704
570 543
570 558
570 736
570 562
570 724
570 560
571 565
571 703
571 559
571 562
571 570
571 704
571 569
571 905
571 560
571 706
572 543
572 558
572 645
572 569
572 945
572 565
572 703
572 570
572 557
572 544
573 575
573 1002
573 1003
573 559
573 905
573 703
573 704
573 1005
573 1011
573 543
574 575
574 588
574 587
574 1003
574 703
574 565
574 590
574 736
574 577
574 1005
575 588
575 1003
575 585
575 587
575 703
575 704
575 590
575 1005
575 1006
575 1008
576 575
576 1003
576 703
576 1005
576 562
576 1006
576 905
576 1004
576 1002
576 588
577 588
577 575
577 565
577 736
577 1003
577 703
577 587
577 569
577 1004
577 1005
578 575
578 588
578 1003
578 703
578 565
578 1005
578 1004
578 1006
578 587
578 736
579 575
579 588
579 703
579 565
579 1003
579 704
579 585
579 587
579 1005
579 736
580 575
580 588
580 565
580 703
580 736
580 1003
580 587
580 1005
580 1004
580 577
581 575
581 588
581 585
581 587
581 1003
581 590
581 586
581 703
581 1008
581 1006
582 639
582 1003
582 1004
582 1006
582 588
582 736
582 1005
582 565
582 703
582 569
583 588
583 569
583 558
583 639
583 575
583 565
583 736
583 703
583 543
583 587
584 575
584 585
584 704
584 703
584 588
584 579
584 565
584 1003
584 587
584 758
585 575
585 588
585 587
585 704
585 703
585 590
585 584
585 1003
585 586
585 579
586 575
586 588
586 587
586 585
586 590
586 1003
586 703
586 579
586 565
586 704
587 588
587 575
587 585
587 1003
587 586
587 590
587 703
587 1006
587 574
587 1005
588 575
588 587
588 585
588 1003
588 590
588 586
588 703
588 565
588 579
588 569
589 585
589 575
589 588
589 587
589 590
589 586
589 579
589 1003
589 591
589 703
590 575
590 588
590 587
590 585
590 1003
590 586
590 703
590 579
590 704
590 574
591 588
591 575
591 1003
591 587
591 590
591 1004
591 703
591 1006
591 1005
591 585
592 575
592 588
592 585
592 587
592 1003
592 586
592 590
592 703
592 579
592 704
593 575
593 588
593 1003
593 587
593 590
593 585
593 1005
593 703
593 1006
593 586
594 588
594 575
594 587
594 736
594 577
594 565
594 1003
594 703
594 724
594 639
595 575
595 588
595 587
595 585
595 590
595 1003
595 586
595 574
595 579
595 703
596 575
596 588
596 587
596 585
596 1003
596 590
596 586
596 703
596 1008
596 1005
597 565
597 588
597 575
597 703
597 736
597 1003
597 639
597 724
597 587
597 1004
598 575
598 565
598 703
598 1003
598 726
598 585
598 1005
598 704
598 736
598 724
599 585
599 575
599 588
599 587
599 590
599 586
599 595
599 1003
599 579
599 596
600 575
600 588
600 585
600 587
600 590
600 1003
600 703
600 586
600 704
600 579
601 575
601 588
601 587
601 585
601 1003
601 590
601 586
601 703
601 1005
601 574
602 575
602 588
602 703
602 587
602 1003
602 704
602 580
602 590
602 565
602 569
603 631
603 625
603 736
603 638
603 724
603 633
603 623
603 666
603 626
603 627
604 736
604 631
604 724
604 666
604 603
604 726
604 737
604 729
604 623
604 638
605 631
605 638
605 625
605 623
605 627
605 633
605 619
605 626
605 736
605 628
606 631
606 625
606 638
606 626
606 623
606 627
606 607
606 619
606 633
606 736
607 631
607 638
607 625
607 623
607 627
607 626
607 633
607 619
607 736
607 628
608 631
608 736
608 638
608 724
608 625
608 726
608 623
608 627
608 626
608 633
609 623
609 638
609 619
609 631
609 622
609 621
609 736
609 636
609 620
609 627
610 619
610 638
610 736
610 623
610 631
610 621
610 627
610 632
610 724
610 626
611 736
611 724
611 631
611 626
611 737
611 607
611 729
611 605
611 633
611 638
612 631
612 638
612 623
612 619
612 736
612 625
612 627
612 626
612 724
612 633
613 638
613 619
613 623
613 631
613 736
613 625
613 627
613 636
613 724
613 635
614 736
614 638
614 631
614 623
614 724
614 619
614 625
614 726
614 729
614 627
615 638
615 619
615 623
615 631
615 736
615 637
615 620
615 636
615 621
615 622
616 736
616 631
616 623
616 638
616 726
616 724
616 619
616 729
616 627
616 636
617 619
617 638
617 623
617 736
617 631
617 625
617 636
617 724
617 621
617 620
618 638
618 623
618 631
618 619
618 620
618 622
618 625
618 635
618 632
618 627
619 623
619 638
619 620
619 631
619 622
619 621
619 635
619 625
619 632
619 627
620 623
620 619
620 638
620 631
620 622
620 621
620 632
620 625
620 635
620 636
621 623
621 619
621 622
621 638
621 620
621 631
621 635
621 632
621 636
621 627
622 623
622 619
622 638
622 621
622 620
622 631
622 632
622 635
622 636
622 637
623 619
623 631
623 638
623 620
623 622
623 621
623 627
623 625
623 635
623 628
624 631
624 623
624 638
624 619
624 625
624 620
624 627
624 621
624 635
624 632
625 631
625 638
625 623
625 619
625 627
625 626
625 620
625 633
625 607
625 628
626 631
626 638
626 625
626 623
626 619
626 627
626 633
626 607
626 736
626 635
627 631
627 623
627 638
627 619
627 625
627 628
627 620
627 626
627 635
627 637
628 631
628 623
628 627
628 638
628 625
628 619
628 626
628 633
628 607
628 620
629 631
629 623
629 638
629 625
629 619
629 627
629 626
629 633
629 736
629 607
630 736
630 607
630 633
630 729
630 724
630 737
630 631
630 623
630 626
630 627
631 623
631 638
631 625
631 627
631 619
631 620
631 628
631 626
631 635
631 637
632 619
632 638
632 623
632 631
632 620
632 622
632 635
632 625
632 621
632 636
633 631
633 623
633 625
633 638
633 626
633 619
633 607
633 627
633 736
633 628
634 638
634 619
634 631
634 623
634 620
634 625
634 627
634 632
634 635
634 636
635 638
635 623
635 619
635 631
635 620
635 632
635 625
635 622
635 627
635 621
636 638
636 623
636 619
636 631
636 620
636 622
636 625
636 736
636 621
636 632
637 638
637 631
637 623
637 619
637 620
637 627
637 622
637 625
637 636
637 632
638 619
638 631
638 623
638 620
638 625
638 635
638 627
638 622
638 637
638 632
639 646
639 643
639 703
639 565
639 736
639 648
639 569
639 645
639 1156
639 644
640 639
640 646
640 703
640 648
640 643
640 645
640 543
640 644
640 641
640 565
641 643
641 639
641 646
641 703
641 869
641 905
641 640
641 648
641 644
641 706
642 639
642 646
642 703
642 736
642 565
642 648
642 644
642 724
642 543
642 737
643 639
643 641
643 646
643 703
643 559
643 869
643 565
643 905
643 648
643 644
644 703
644 646
644 565
644 704
644 639
644 645
644 707
644 570
644 543
644 648
645 646
645 648
645 639
645 945
645 703
645 644
645 543
645 565
645 558
645 544
646 639
646 703
646 644
646 645
646 565
646 648
646 736
646 543
646 724
646 704
647 623
647 619
647 622
647 620
647 621
647 638
647 543
647 645
647 636
647 736
648 646
648 639
648 645
648 703
648 565
648 644
648 543
648 736
648 544
648 724
649 639
649 643
649 646
649 703
649 645
649 648
649 644
649 641
649 565
649 640
650 534
650 546
650 543
650 544
650 549
650 751
650 726
650 535
650 547
650 758
651 534
651 751
651 755
651 543
651 549
651 669
651 565
651 703
651 707
651 544
652 666
652 669
652 674
652 668
652 681
652 665
652 667
652 657
652 682
652 663
653 666
653 669
653 674
653 665
653 663
653 668
653 667
653 681
653 657
653 565
654 674
654 666
654 668
654 681
654 667
654 669
654 663
654 657
654 665
654 655
655 666
655 668
655 674
655 669
655 681
655 665
655 667
655 659
655 663
655 657
656 666
656 665
656 674
656 663
656 669
656 667
656 657
656 668
656 681
656 658
657 666
657 674
657 669
657 665
657 667
657 681
657 668
657 658
657 663
657 659
658 666
658 674
658 669
658 665
658 668
658 657
658 667
658 681
658 663
658 659
659 666
659 681
659 674
659 669
659 668
659 682
659 667
659 665
659 657
659 663
660 666
660 674
660 669
660 681
660 668
660 667
660 663
660 657
660 665
660 659
661 666
661 674
661 669
661 665
661 668
661 667
661 681
661 736
661 663
661 657
662 666
662 674
662 669
662 663
662 668
662 665
662 681
662 667
662 677
662 565
663 666
663 674
663 669
663 668
663 665
663 681
663 667
663 657
663 565
663 736
664 666
664 674
664 669
664 668
664 681
664 667
664 665
664 663
664 736
664 659
665 666
665 669
665 674
665 668
665 667
665 681
665 663
665 657
665 677
665 682
666 669
666 674
666 681
666 667
666 668
666 665
666 663
666 657
666 682
666 659
667 666
667 674
667 669
667 681
667 668
667 665
667 663
667 657
667 682
667 659
668 674
668 666
668 669
668 681
668 665
668 667
668 663
668 657
668 659
668 682
669 666
669 674
669 681
669 668
669 665
669 667
669 663
669 682
669 657
669 659
670 666
670 682
670 669
670 681
670 674
670 668
670 667
670 665
670 659
670 663
671 666
671 674
671 669
671 668
671 681
671 663
671 665
671 667
671 682
671 659
672 666
672 674
672 669
672 681
672 668
672 667
672 665
672 663
672 659
672 682
673 666
673 674
673 669
673 668
673 665
673 681
673 663
673 667
673 672
673 682
674 666
674 668
674 669
674 681
674 665
674 667
674 663
674 657
674 659
674 658
675 666
675 674
675 669
675 681
675 668
675 667
675 665
675 682
675 672
675 670
676 666
676 674
676 669
676 668
676 681
676 665
676 663
676 682
676 667
676 670
677 666
677 674
677 665
677 669
677 668
677 681
677 667
677 663
677 657
677 659
678 681
678 666
678 674
678 682
678 669
678 667
678 659
678 665
678 668
678 672
679 666
679 681
679 674
679 668
679 669
679 665
679 667
679 659
679 682
679 657
680 666
680 681
680 674
680 669
680 667
680 668
680 665
680 682
680 657
680 663
681 666
681 669
681 674
681 668
681 667
681 682
681 665
681 663
681 659
681 657
682 666
682 681
682 669
682 674
682 668
682 667
682 665
682 659
682 670
682 663
683 666
683 674
683 669
683 681
683 668
683 667
683 665
683 663
683 682
683 659
684 585
684 855
684 575
684 752
684 751
684 588
684 755
684 764
684 758
684 586
685 412
685 394
685 402
685 392
685 411
685 398
685 716
685 393
685 407
685 419
686 736
686 724
686 726
686 729
686 737
686 758
686 755
686 412
686 751
686 735
687 736
687 724
687 726
687 737
687 729
687 735
687 619
687 638
687 394
687 543
688 736
688 724
688 726
688 729
688 751
688 737
688 686
688 755
688 735
688 758
689 703
689 565
689 692
689 704
689 1003
689 707
689 1004
689 1005
689 570
689 639
690 703
690 1003
690 704
690 1005
690 692
690 1004
690 1006
690 706
690 565
690 707
691 703
691 704
691 1003
691 1005
691 565
691 1004
691 707
691 1006
691 1008
691 692
692 703
692 704
692 1003
692 565
692 707
692 1004
692 1005
692 689
692 1006
692 562
693 703
693 704
693 692
693 707
693 1003
693 706
693 689
693 565
693 1006
693 1005
694 703
694 704
694 575
694 588
694 543
694 565
694 707
694 1003
694 736
694 585
695 703
695 565
695 736
695 1003
695 639
695 1004
695 1005
695 1006
695 724
695 692
696 639
696 645
696 945
696 703
696 646
696 565
696 543
696 569
696 648
696 704
697 565
697 703
697 692
697 1003
697 1004
697 1006
697 704
697 736
697 1005
697 569
698 703
698 565
698 736
698 639
698 689
698 1004
698 692
698 1003
698 1005
698 674
699 703
699 706
699 1003
699 639
699 1004
699 704
699 1005
699 1006
699 559
699 646
700 703
700 704
700 707
700 1003
700 706
700 692
700 565
700 689
700 1005
700 575
701 703
701 704
701 1003
701 565
701 575
701 1004
701 1005
701 707
701 639
701 1006
702 703
702 704
702 1003
702 707
702 692
702 565
702 706
702 1004
702 1005
702 689
703 704
703 565
703 707
703 706
703 543
703 1003
703 570
703 569
703 646
703 1005
704 703
704 707
704 706
704 565
704 1003
704 575
704 570
704 692
704 644
704 543
705 699
705 639
705 646
705 736
705 724
705 700
705 394
705 703
705 729
705 737
706 703
706 704
706 707
706 1003
706 565
706 1005
706 708
706 1004
706 692
706 562
707 704
707 703
707 706
707 565
707 1003
707 692
707 1005
707 570
707 644
707 575
708 703
708 704
708 706
708 707
708 565
708 1003
708 562
708 570
708 646
708 1005
709 394
709 412
709 736
709 424
709 392
709 419
709 402
709 716
709 407
709 426
710 736
710 394
710 729
710 724
710 737
710 426
710 588
710 726
710 738
710 639
711 736
711 737
711 724
711 729
711 738
711 394
711 1156
711 687
711 619
711 726
712 758
712 751
712 755
712 686
712 736
712 549
712 757
712 688
712 726
712 724
713 394
713 736
713 412
713 392
713 724
713 729
713 424
713 666
713 426
713 419
714 412
714 394
714 411
714 402
714 716
714 686
714 392
714 685
714 736
714 688
715 724
715 736
715 726
715 729
715 751
715 783
715 737
715 755
715 735
715 758
716 412
716 736
716 394
716 426
716 724
716 726
716 729
716 392
716 686
716 402
717 412
717 394
717 736
717 392
717 716
717 411
717 688
717 402
717 724
717 726
718 736
718 726
718 724
718 543
718 758
718 549
718 729
718 757
718 737
718 755
719 736
719 639
719 737
719 1156
719 738
719 724
719 729
719 726
719 783
719 565
720 736
720 724
720 726
720 543
720 737
720 558
720 783
720 729
720 544
720 757
721 736
721 543
721 724
721 757
721 544
721 623
721 737
721 726
721 558
721 755
722 736
722 639
722 1156
722 737
722 1163
722 724
722 558
722 738
722 729
722 1157
723 736
723 724
723 737
723 726
723 729
723 1156
723 733
723 735
723 738
723 565
724 736
724 726
724 737
724 729
724 735
724 738
724 725
724 733
724 728
724 565
725 736
725 724
725 737
725 729
725 726
725 735
725 738
725 733
725 565
725 728
726 736
726 724
726 737
726 729
726 735
726 733
726 728
726 738
726 725
726 565
727 726
727 736
727 724
727 729
727 737
727 735
727 728
727 751
727 725
727 741
728 736
728 724
728 726
728 729
728 737
728 735
728 738
728 733
728 725
728 565
729 736
729 724
729 726
729 737
729 735
729 738
729 725
729 733
729 728
729 565
730 724
730 726
730 729
730 736
730 575
730 751
730 737
730 1003
730 703
730 501
731 736
731 724
731 726
731 729
731 737
731 735
731 738
731 733
731 725
731 728
732 736
732 724
732 726
732 737
732 729
732 735
732 733
732 725
732 738
732 728
733 736
733 724
733 726
733 737
733 729
733 735
733 738
733 725
733 728
733 638
734 736
734 724
734 737
734 726
734 729
734 735
734 733
734 738
734 725
734 565
735 736
735 724
735 726
735 737
735 729
735 733
735 738
735 725
735 728
735 565
736 724
736 737
736 726
736 729
736 735
736 738
736 733
736 725
736 728
736 565
737 736
737 724
737 726
737 729
737 735
737 738
737 733
737 725
737 728
737 565
738 736
738 724
738 737
738 729
738 726
738 735
738 725
738 733
738 728
738 565
739 736
739 724
739 726
739 737
739 729
739 735
739 738
739 725
739 733
739 728
740 724
740 736
740 729
740 726
740 1003
740 737
740 703
740 725
740 575
740 1005
741 736
741 724
741 726
741 729
741 737
741 735
741 575
741 751
741 725
741 738
742 736
742 394
742 412
742 419
742 392
742 724
742 424
742 726
742 402
742 729
743 744
743 747
743 412
743 394
743 402
743 392
743 398
743 411
743 736
743 379
744 747
744 736
744 543
744 724
744 394
744 412
744 746
744 737
744 757
744 726
745 743
745 744
745 379
745 747
745 394
745 398
745 380
745 402
745 746
745 393
746 744
746 747
746 543
746 736
746 394
746 412
746 416
746 544
746 398
746 724
747 744
747 736
747 543
747 412
747 724
747 394
747 737
747 729
747 757
747 726
748 744
748 743
748 543
748 398
748 736
748 558
748 745
748 645
748 410
748 394
749 736
749 724
749 726
749 619
749 737
749 729
749 623
749 735
749 638
749 733
750 724
750 726
750 736
750 729
750 737
750 735
750 543
750 751
750 534
750 549
751 758
751 755
751 726
751 736
751 724
751 534
751 752
751 549
751 757
751 543
752 751
752 758
752 755
752 764
752 757
752 575
752 549
752 726
752 543
752 736
753 758
753 751
753 755
753 752
753 575
753 729
753 549
753 543
753 764
753 757
754 751
754 758
754 755
754 752
754 757
754 736
754 764
754 726
754 549
754 724
755 758
755 751
755 736
755 757
755 543
755 726
755 549
755 544
755 724
755 534
756 758
756 751
756 755
756 752
756 757
756 764
756 543
756 736
756 765
756 724
757 758
757 755
757 751
757 736
757 543
757 544
757 724
757 726
757 549
757 534
758 751
758 755
758 757
758 543
758 726
758 736
758 724
758 752
758 534
758 544
759 751
759 758
759 755
759 736
759 543
759 534
759 726
759 544
759 757
759 724
760 736
760 724
760 565
760 737
760 729
760 726
760 666
760 738
760 758
760 783
761 736
761 758
761 755
761 757
761 724
761 751
761 543
761 544
761 729
761 534
762 543
762 703
762 559
762 562
762 639
762 565
762 529
762 569
762 736
762 668
763 751
763 755
763 758
763 726
763 736
763 764
763 724
763 534
763 544
763 752
764 751
764 758
764 755
764 752
764 549
764 757
764 726
764 543
764 534
764 724
765 758
765 751
765 543
765 755
765 736
765 757
765 724
765 534
765 726
765 703
766 543
766 765
766 762
766 575
766 703
766 758
766 1003
766 529
766 704
766 751
767 751
767 736
767 724
767 726
767 755
767 758
767 729
767 565
767 737
767 703
768 751
768 758
768 755
768 736
768 726
768 724
768 764
768 752
768 729
768 757
769 736
769 751
769 726
769 724
769 729
769 755
769 758
769 737
769 565
769 549
770 543
770 736
770 724
770 755
770 751
770 565
770 544
770 726
770 758
770 737
771 736
771 783
771 724
771 737
771 729
771 726
771 543
771 588
771 565
771 781
772 783
772 724
772 736
772 575
772 758
772 588
772 549
772 726
772 543
772 703
773 736
773 724
773 737
773 729
773 726
773 735
773 783
773 738
773 733
773 725
774 736
774 724
774 729
774 783
774 737
774 726
774 565
774 738
774 666
774 674
775 736
775 783
775 724
775 737
775 726
775 565
775 543
775 729
775 666
775 544
776 736
776 783
776 724
776 543
776 737
776 565
776 775
776 726
776 703
776 729
777 758
777 726
777 751
777 704
777 764
777 781
777 724
777 755
777 534
777 783
778 736
778 724
778 534
778 751
778 783
778 726
778 544
778 703
778 543
778 729
779 585
779 704
779 751
779 703
779 758
779 752
779 565
779 781
779 726
779 575
780 736
780 724
780 729
780 726
780 737
780 783
780 725
780 735
780 666
780 544
781 736
781 724
781 726
781 783
781 751
781 729
781 544
781 543
781 534
781 758
782 736
782 724
782 783
782 737
782 726
782 729
782 543
782 725
782 565
782 775
783 736
783 724
783 737
783 729
783 726
783 543
783 565
783 703
783 544
783 534
784 736
784 783
784 543
784 724
784 544
784 726
784 534
784 729
784 737
784 755
785 482
785 506
785 796
785 485
785 799
785 788
785 486
785 787
785 514
785 494
786 506
786 486
786 339
786 827
786 517
786 483
786 646
786 514
786 494
786 826
787 506
787 486
787 485
787 786
787 483
787 494
787 827
787 339
787 796
787 826
788 506
788 514
788 517
788 486
788 799
788 786
788 483
788 485
788 339
788 827
789 482
789 796
789 790
789 517
789 506
789 494
789 339
789 514
789 486
789 788
790 339
790 506
790 814
790 486
790 517
790 796
790 791
790 827
790 483
790 514
791 790
791 339
791 506
791 517
791 486
791 796
791 814
791 514
791 827
791 826
792 794
792 485
792 506
792 486
792 483
792 821
792 823
792 494
792 824
792 339
793 823
793 506
793 821
793 485
793 822
793 483
793 486
793 794
793 824
793 646
794 506
794 986
794 822
794 486
794 483
794 821
794 827
794 823
794 514
794 824
795 808
795 827
795 506
795 704
795 826
795 703
795 730
795 514
795 575
795 1003
796 827
796 826
796 506
796 486
796 1147
796 514
796 646
796 517
796 1158
796 483
797 827
797 826
797 506
797 796
797 1147
797 646
797 514
797 1158
797 1164
797 486
798 486
798 506
798 796
798 827
798 514
798 483
798 826
798 517
798 494
798 646
799 506
799 486
799 514
799 826
799 517
799 827
799 483
799 796
799 646
799 494
800 482
800 517
800 520
800 730
800 506
800 514
800 339
800 494
800 486
800 808
801 802
801 804
801 812
801 806
801 808
801 505
801 507
801 818
801 803
801 703
802 804
802 812
802 801
802 806
802 808
802 818
802 507
802 505
802 703
802 704
803 804
803 802
803 815
803 812
803 816
803 801
803 806
803 505
803 808
803 807
804 802
804 812
804 806
804 801
804 803
804 815
804 505
804 816
804 808
804 703
805 802
805 806
805 812
805 804
805 801
805 808
805 818
805 507
805 704
805 703
806 818
806 808
806 804
806 802
806 812
806 703
806 507
806 817
806 505
806 704
807 820
807 703
807 505
807 905
807 704
807 937
807 666
807 565
807 707
807 507
808 806
808 703
808 818
808 704
808 817
808 827
808 506
808 870
808 820
808 826
809 808
809 870
809 703
809 820
809 704
809 817
809 905
809 818
809 1115
809 1011
810 507
810 804
810 505
810 802
810 703
810 1151
810 822
810 646
810 806
810 736
811 736
811 666
811 703
811 646
811 639
811 565
811 724
811 737
811 394
811 674
812 802
812 804
812 806
812 801
812 808
812 818
812 507
812 505
812 703
812 704
813 814
813 367
813 802
813 505
813 393
813 812
813 395
813 394
813 806
813 507
814 367
814 855
814 393
814 394
814 419
814 395
814 505
814 751
814 514
814 380
815 804
815 816
815 803
815 802
815 818
815 808
815 812
815 864
815 820
815 806
816 815
816 804
816 864
816 818
816 806
816 808
816 820
816 802
816 803
816 870
817 869
817 870
817 874
817 871
817 873
817 905
817 872
817 842
817 839
817 646
818 806
818 870
818 819
818 878
818 808
818 874
818 817
818 872
818 703
818 834
819 818
819 806
819 874
819 878
819 817
819 704
819 870
819 706
819 703
819 834
820 905
820 703
820 915
820 954
820 955
820 920
820 931
820 704
820 906
820 937
821 506
821 822
821 986
821 646
821 486
821 827
821 826
821 483
821 703
821 514
822 703
822 565
822 976
822 970
822 646
822 704
822 570
822 543
822 1005
822 569
823 506
823 822
823 824
823 821
823 986
823 646
823 827
823 486
823 826
823 703
824 822
824 506
824 823
824 986
824 646
824 821
824 827
824 826
824 703
824 483
825 808
825 703
825 704
825 870
825 905
825 646
825 1003
825 827
825 1115
825 869
826 827
826 506
826 1151
826 646
826 1148
826 703
826 1147
826 1153
826 1156
826 736
827 826
827 1151
827 1147
827 1148
827 724
827 646
827 736
827 506
827 1153
827 703
828 646
828 703
828 506
828 724
828 736
828 704
828 565
828 514
828 827
828 751
829 646
829 506
829 827
829 736
829 703
829 724
829 565
829 826
829 543
829 737
830 575
830 1003
830 585
830 704
830 703
830 1008
830 588
830 1005
830 1006
830 587
831 703
831 704
831 575
831 543
831 1003
831 588
831 1005
831 639
831 562
831 565
832 703
832 704
832 543
832 644
832 751
832 534
832 707
832 831
832 758
832 575
833 585
833 575
833 588
833 590
833 587
833 704
833 584
833 586
833 885
833 752
834 870
834 874
834 839
834 853
834 876
834 875
834 864
834 817
834 1124
834 871
835 849
835 869
835 1003
835 870
835 842
835 643
835 853
835 837
835 639
835 703
836 837
836 835
836 905
836 1003
836 703
836 1005
836 1004
836 704
836 643
836 639
837 703
837 639
837 1003
837 1005
837 1004
837 565
837 646
837 644
837 704
837 1006
838 703
838 1003
838 1005
838 835
838 704
838 1004
838 559
838 837
838 1008
838 762
839 870
839 817
839 869
839 853
839 874
839 842
839 834
839 871
839 905
839 872
840 853
840 1002
840 834
840 839
840 883
840 835
840 1003
840 884
840 879
840 870
841 806
841 703
841 639
841 646
841 812
841 736
841 869
841 802
841 580
841 575
842 869
842 817
842 870
842 1003
842 703
842 839
842 843
842 848
842 639
842 706
843 869
843 842
843 817
843 870
843 703
843 643
843 1003
843 835
843 839
843 706
844 869
844 870
844 843
844 842
844 645
844 835
844 643
844 639
844 817
844 945
845 870
845 869
845 808
845 646
845 703
845 842
845 704
845 849
845 639
845 817
846 869
846 870
846 839
846 835
846 842
846 853
846 643
846 879
846 639
846 834
847 853
847 835
847 1003
847 842
847 870
847 905
847 849
847 703
847 704
847 1005
848 842
848 1003
848 1005
848 837
848 1004
848 703
848 869
848 1006
848 853
848 905
849 835
849 870
849 1003
849 703
849 905
849 842
849 704
849 869
849 575
849 1005
850 1003
850 835
850 704
850 853
850 849
850 1008
850 703
850 575
850 1005
850 1006
851 1003
851 704
851 575
851 703
851 870
851 1002
851 849
851 1005
851 1004
851 853
852 842
852 870
852 869
852 835
852 817
852 905
852 1003
852 839
852 853
852 874
853 839
853 834
853 835
853 842
853 870
853 1002
853 905
853 1003
853 848
853 874
854 736
854 861
854 724
854 726
854 857
854 737
854 858
854 729
854 855
854 758
855 736
855 724
855 751
855 394
855 726
855 543
855 412
855 646
855 783
855 729
856 870
856 864
856 834
856 876
856 905
856 573
856 762
856 874
856 915
856 849
857 736
857 724
857 858
857 726
857 737
857 729
857 623
857 619
857 1079
857 543
858 736
858 857
858 724
858 737
858 726
858 623
858 543
858 729
858 854
858 757
859 736
859 724
859 726
859 783
859 757
859 543
859 737
859 729
859 758
859 751
860 736
860 855
860 724
860 726
860 729
860 737
860 783
860 543
860 751
860 412
861 854
861 736
861 857
861 858
861 724
861 855
861 726
861 737
861 729
861 758
862 855
862 861
862 783
862 575
862 703
862 854
862 1140
862 585
862 1003
862 724
863 736
863 724
863 726
863 729
863 737
863 855
863 857
863 757
863 412
863 543
864 870
864 954
864 905
864 1011
864 935
864 931
864 934
864 915
864 874
864 834
865 864
865 905
865 915
865 870
865 931
865 954
865 920
865 1011
865 1115
865 955
866 905
866 864
866 1011
866 918
866 643
866 910
866 869
866 931
866 839
866 1004
867 869
867 870
867 864
867 905
867 1002
867 1011
867 817
867 573
867 1003
867 874
868 1003
868 575
868 1008
868 1005
868 1004
868 585
868 1006
868 703
868 1010
868 704
869 870
869 817
869 639
869 643
869 874
869 1004
869 905
869 641
869 1003
869 1005
870 874
870 869
870 872
870 817
870 873
870 875
870 879
870 871
870 905
870 834
871 874
871 870
871 872
871 817
871 869
871 1002
871 1003
871 1011
871 905
871 873
872 870
872 874
872 871
872 869
872 817
872 873
872 905
872 1011
872 875
872 1115
873 870
873 874
873 817
873 872
873 869
873 905
873 871
873 1115
873 931
873 1011
874 870
874 872
874 817
874 873
874 869
874 871
874 905
874 1115
874 834
874 875
875 870
875 874
875 876
875 834
875 872
875 1124
875 864
875 879
875 883
875 873
876 870
876 874
876 875
876 834
876 864
876 839
876 872
876 817
876 873
876 1124
877 870
877 818
877 869
877 806
877 817
877 915
877 703
877 808
877 572
877 874
878 818
878 870
878 834
878 874
878 806
878 819
878 875
878 817
878 872
878 808
879 870
879 874
879 869
879 905
879 817
879 835
879 872
879 849
879 834
879 1003
880 703
880 1003
880 704
880 1005
880 1006
880 575
880 905
880 543
880 1004
880 1008
881 1003
881 835
881 1005
881 1006
881 870
881 1004
881 882
881 1008
881 869
881 703
882 1003
882 1005
882 1004
882 1006
882 1008
882 703
882 1010
882 704
882 575
882 1002
883 870
883 874
883 1002
883 879
883 1003
883 817
883 872
883 871
883 869
883 875
884 870
884 875
884 834
884 874
884 879
884 883
884 1002
884 878
884 872
884 1003
885 703
885 1003
885 575
885 565
885 1005
885 1008
885 704
885 1006
885 543
885 1004
886 885
886 703
886 887
886 1003
886 565
886 1005
886 704
886 575
886 1006
886 1008
887 885
887 703
887 565
887 886
887 1005
887 1003
887 543
887 704
887 724
887 736
888 703
888 704
888 1003
888 1008
888 1005
888 565
888 921
888 1006
888 644
888 570
889 575
889 1003
889 885
889 588
889 1005
889 1004
889 1008
889 587
889 894
889 703
890 575
890 588
890 585
890 587
890 1003
890 894
890 885
890 590
890 599
890 586
891 588
891 575
891 587
891 894
891 1003
891 585
891 885
891 590
891 890
891 586
892 885
892 887
892 1003
892 886
892 575
892 1008
892 1005
892 585
892 1006
892 1010
893 1004
893 1005
893 639
893 1006
893 1003
893 565
893 736
893 703
893 885
893 588
894 1003
894 885
894 575
894 1008
894 1006
894 1005
894 588
894 703
894 1004
894 585
895 915
895 905
895 954
895 935
895 931
895 920
895 955
895 573
895 933
895 910
896 915
896 905
896 899
896 897
896 901
896 926
896 919
896 916
896 906
896 904
897 905
897 703
897 899
897 915
897 901
897 926
897 910
897 919
897 1003
897 904
898 976
898 736
898 565
898 899
898 703
898 558
898 569
898 724
898 1005
898 737
899 945
899 940
899 703
899 565
899 1003
899 916
899 901
899 1005
899 905
899 926
900 905
900 921
900 937
900 901
900 918
900 1005
900 906
900 1003
900 1004
900 565
901 905
901 921
901 940
901 703
901 565
901 906
901 899
901 918
901 919
901 900
902 925
902 918
902 937
902 905
902 920
902 931
902 921
902 940
902 941
902 919
903 954
903 935
903 905
903 907
903 915
903 920
903 931
903 934
903 864
903 895
904 905
904 918
904 915
904 703
904 931
904 926
904 906
904 920
904 937
904 919
905 931
905 918
905 920
905 954
905 915
905 906
905 937
905 919
905 904
905 953
906 905
906 937
906 931
906 918
906 941
906 915
906 919
906 920
906 926
906 921
907 954
907 905
907 920
907 931
907 934
907 915
907 935
907 922
907 953
907 936
908 905
908 918
908 703
908 910
908 937
908 565
908 921
908 1004
908 931
908 559
909 905
909 918
909 921
909 703
909 937
909 940
909 565
909 1005
909 941
909 1003
910 905
910 918
910 703
910 915
910 931
910 926
910 904
910 919
910 920
910 906
911 905
911 931
911 906
911 915
911 919
911 920
911 918
911 937
911 954
911 916
912 905
912 919
912 931
912 918
912 915
912 904
912 703
912 945
912 910
912 926
913 703
913 921
913 565
913 940
913 905
913 918
913 570
913 937
913 919
913 639
914 905
914 918
914 919
914 931
914 920
914 937
914 904
914 910
914 915
914 906
915 905
915 931
915 920
915 954
915 955
915 953
915 935
915 906
915 919
915 926
916 905
916 703
916 941
916 945
916 919
916 918
916 921
916 926
916 906
916 565
917 954
917 915
917 905
917 931
917 955
917 920
917 937
917 906
917 935
917 953
918 905
918 931
918 921
918 920
918 937
918 919
918 926
918 941
918 954
918 906
919 905
919 920
919 918
919 931
919 915
919 906
919 941
919 921
919 940
919 937
920 931
920 954
920 905
920 915
920 918
920 953
920 919
920 955
920 935
920 937
921 940
921 565
921 918
921 703
921 937
921 905
921 941
921 1005
921 570
921 901
922 954
922 920
922 931
922 905
922 918
922 953
922 915
922 919
922 935
922 955
923 951
923 921
923 565
923 940
923 703
923 570
923 937
923 918
923 913
923 666
924 937
924 921
924 918
924 905
924 940
924 906
924 1004
924 1005
924 920
924 956
925 918
925 937
925 905
925 931
925 921
925 920
925 954
925 941
925 953
925 919
926 905
926 918
926 703
926 941
926 915
926 906
926 921
926 919
926 931
926 916
927 954
927 915
927 931
927 905
927 920
927 955
927 953
927 935
927 917
927 934
928 905
928 937
928 941
928 921
928 918
928 940
928 906
928 949
928 926
928 565
929 905
929 954
929 931
929 937
929 915
929 920
929 906
929 918
929 953
929 955
930 937
930 905
930 918
930 1003
930 954
930 1004
930 921
930 931
930 1005
930 906
931 905
931 954
931 920
931 918
931 915
931 953
931 935
931 919
931 955
931 937
932 915
932 572
932 931
932 920
932 935
932 955
932 934
932 953
932 945
932 919
933 905
933 915
933 931
933 954
933 920
933 895
933 953
933 573
933 935
933 955
934 954
934 935
934 931
934 920
934 955
934 936
934 915
934 953
934 905
934 907
935 954
935 934
935 931
935 920
935 955
935 915
935 905
935 953
935 936
935 922
936 954
936 931
936 905
936 920
936 934
936 915
936 918
936 953
936 955
936 935
937 905
937 918
937 921
937 906
937 941
937 931
937 954
937 940
937 1004
937 956
938 945
938 940
938 565
938 736
938 703
938 899
938 558
938 921
938 543
938 916
939 945
939 940
939 938
939 565
939 899
939 946
939 916
939 976
939 703
939 921
940 921
940 565
940 945
940 703
940 941
940 938
940 1004
940 1005
940 937
940 946
941 905
941 937
941 940
941 921
941 918
941 949
941 906
941 916
941 565
941 945
942 905
942 919
942 920
942 918
942 937
942 931
942 906
942 915
942 945
942 941
943 565
943 941
943 921
943 940
943 703
943 945
943 949
943 918
943 905
943 946
944 940
944 921
944 937
944 1004
944 941
944 1005
944 565
944 905
944 703
944 1003
945 940
945 938
945 645
945 565
945 899
945 941
945 916
945 543
945 703
945 905
946 940
946 945
946 941
946 921
946 905
946 565
946 899
946 916
946 919
946 937
947 940
947 921
947 565
947 941
947 703
947 937
947 1004
947 1003
947 1005
947 945
948 940
948 921
948 565
948 666
948 1004
948 1005
948 1006
948 703
948 736
948 668
949 941
949 905
949 918
949 920
949 931
949 937
949 919
949 921
949 916
949 906
950 937
950 905
950 941
950 919
950 565
950 703
950 940
950 918
950 931
950 906
951 565
951 921
951 940
951 703
951 570
951 923
951 666
951 937
951 639
951 1004
952 905
952 937
952 921
952 918
952 941
952 940
952 956
952 906
952 931
952 954
953 931
953 954
953 920
953 905
953 915
953 918
953 919
953 955
953 906
953 937
954 931
954 920
954 905
954 935
954 955
954 934
954 953
954 915
954 956
954 936
955 954
955 920
955 915
955 931
955 935
955 905
955 934
955 953
955 936
955 917
956 954
956 905
956 937
956 920
956 931
956 918
956 941
956 906
956 1011
956 921
957 976
957 565
957 822
957 945
957 940
957 570
957 736
957 558
957 703
957 970
958 976
958 970
958 1003
958 1005
958 822
958 565
958 971
958 1004
958 969
958 1006
959 970
959 976
959 971
959 1005
959 1003
959 899
959 958
959 940
959 822
959 565
960 565
960 976
960 921
960 1005
960 970
960 1003
960 703
960 1004
960 940
960 1006
961 970
961 976
961 971
961 703
961 958
961 704
961 1003
961 1005
961 565
961 1008
962 565
962 703
962 822
962 646
962 899
962 970
962 976
962 945
962 543
962 569
963 945
963 976
963 970
963 899
963 703
963 940
963 565
963 822
963 905
963 918
964 970
964 905
964 937
964 919
964 918
964 945
964 931
964 901
964 904
964 941
965 986
965 976
965 822
965 703
965 565
965 905
965 970
965 945
965 1005
965 1004
966 976
966 565
966 703
966 736
966 646
966 940
966 668
966 724
966 1005
966 1004
967 986
967 992
967 905
967 559
967 1004
967 1005
967 565
967 562
967 703
967 1003
968 976
968 565
968 970
968 822
968 940
968 969
968 703
968 921
968 945
968 736
969 976
969 565
969 970
969 822
969 736
969 940
969 724
969 958
969 1005
969 938
970 976
970 565
970 1003
970 703
970 1005
970 1004
970 736
970 899
970 1006
970 822
971 976
971 970
971 703
971 1005
971 1003
971 899
971 822
971 565
971 1004
971 1006
972 970
972 1003
972 1005
972 971
972 1008
972 1006
972 941
972 937
972 1004
972 905
973 970
973 976
973 921
973 971
973 565
973 822
973 1005
973 941
973 1003
973 905
974 970
974 1003
974 976
974 941
974 1005
974 905
974 565
974 921
974 703
974 822
975 976
975 1005
975 1003
975 971
975 970
975 1004
975 921
975 918
975 937
975 941
976 565
976 736
976 970
976 724
976 1005
976 726
976 703
976 940
976 1004
976 737
977 970
977 976
977 736
977 899
977 565
977 1003
977 1006
977 703
977 558
977 1005
978 976
978 565
978 736
978 724
978 737
978 921
978 940
978 969
978 726
978 938
979 970
979 575
979 1003
979 703
979 1008
979 899
979 585
979 976
979 1005
979 704
980 976
980 970
980 565
980 1003
980 1005
980 703
980 822
980 1008
980 971
980 1004
981 976
981 565
981 1005
981 736
981 1004
981 1003
981 1006
981 703
981 639
981 940
982 976
982 565
982 940
982 899
982 822
982 736
982 945
982 558
982 970
982 938
983 976
983 565
983 945
983 938
983 970
983 558
983 736
983 899
983 1079
983 940
984 976
984 822
984 970
984 565
984 945
984 940
984 703
984 646
984 969
984 899
985 976
985 822
985 970
985 565
985 940
985 703
985 945
985 899
985 921
985 543
986 967
986 905
986 703
986 822
986 559
986 1004
986 1005
986 565
986 668
986 646
987 703
987 937
987 905
987 1004
987 918
987 1005
987 1003
987 921
987 940
987 971
988 976
988 565
988 1004
988 970
988 921
988 1005
988 703
988 940
988 1006
988 1003
989 976
989 921
989 970
989 565
989 703
989 1005
989 822
989 940
989 945
989 1003
990 986
990 976
990 762
990 905
990 565
990 668
990 559
990 703
990 1004
990 1005
991 976
991 971
991 565
991 703
991 970
991 822
991 1005
991 940
991 1004
991 1003
992 986
992 967
992 905
992 703
992 1004
992 976
992 559
992 565
992 1005
992 1003
993 976
993 565
993 921
993 940
993 703
993 970
993 822
993 570
993 663
993 646
994 976
994 970
994 940
994 822
994 703
994 945
994 1004
994 565
994 1005
994 899
995 976
995 822
995 565
995 970
995 940
995 969
995 1005
995 703
995 921
995 938
996 976
996 565
996 1005
996 1004
996 940
996 703
996 1003
996 1006
996 986
996 736
997 976
997 703
997 565
997 1005
997 940
997 921
997 1006
997 1004
997 1003
997 970
998 976
998 565
998 970
998 736
998 921
998 724
998 1005
998 969
998 940
998 737
999 1003
999 1004
999 1005
999 1006
999 588
999 587
999 1010
999 1008
999 639
999 575
1000 1003
1000 1004
1000 1005
1000 1006
1000 1002
1000 1008
1000 575
1000 1010
1000 1007
1000 703
1001 1003
1001 1008
1001 1005
1001 1006
1001 575
1001 1004
1001 1010
1001 588
1001 1007
1001 1009
1002 1003
1002 1005
1002 1004
1002 1011
1002 1006
1002 1008
1002 1010
1002 1009
1002 905
1002 1007
1003 1004
1003 1005
1003 1006
1003 1008
1003 1010
1003 1009
1003 1007
1003 575
1003 703
1003 1002
1004 1003
1004 1005
1004 1006
1004 1008
1004 1010
1004 1009
1004 703
1004 1007
1004 565
1004 1011
1005 1003
1005 1004
1005 1006
1005 1008
1005 1010
1005 1009
1005 703
1005 1007
1005 565
1005 575
1006 1003
1006 1004
1006 1005
1006 1008
1006 1010
1006 1009
1006 1007
1006 703
1006 565
1006 575
1007 1003
1007 1005
1007 1006
1007 1004
1007 1008
1007 1010
1007 703
1007 1009
1007 575
1007 704
1008 1003
1008 1005
1008 1004
1008 1006
1008 1010
1008 1009
1008 1007
1008 703
1008 575
1008 704
1009 1003
1009 1005
1009 1004
1009 1006
1009 1008
1009 1010
1009 703
1009 1007
1009 575
1009 704
1010 1003
1010 1005
1010 1004
1010 1006
1010 1008
1010 1009
1010 703
1010 1007
1010 575
1010 704
1011 1004
1011 1003
1011 905
1011 1005
1011 1002
1011 1006
1011 954
1011 937
1011 931
1011 918
1012 585
1012 1003
1012 575
1012 1008
1012 588
1012 1005
1012 1006
1012 590
1012 586
1012 1014
1013 588
1013 1003
1013 575
1013 587
1013 1005
1013 590
1013 586
1013 1014
1013 1004
1013 1008
1014 1003
1014 1008
1014 1006
1014 1004
1014 1005
1014 575
1014 1010
1014 588
1014 1007
1014 1009
1015 1003
1015 1006
1015 1002
1015 1005
1015 1004
1015 1008
1015 1011
1015 1010
1015 703
1015 559
1016 1003
1016 1004
1016 1006
1016 1005
1016 588
1016 1008
1016 575
1016 587
1016 1014
1016 1010
1017 1003
1017 1005
1017 1004
1017 1006
1017 588
1017 575
1017 1008
1017 587
1017 1010
1017 1014
1018 1003
1018 1006
1018 1004
1018 1008
1018 1005
1018 588
1018 575
1018 587
1018 703
1018 736
1019 1003
1019 1004
1019 1006
1019 1005
1019 588
1019 1008
1019 575
1019 587
1019 1009
1019 1010
1020 588
1020 1003
1020 575
1020 587
1020 639
1020 1004
1020 590
1020 1005
1020 591
1020 1006
1021 575
1021 762
1021 703
1021 588
1021 543
1021 572
1021 1003
1021 559
1021 639
1021 897
1022 585
1022 575
1022 588
1022 586
1022 758
1022 587
1022 1003
1022 590
1022 543
1022 899
1023 575
1023 1003
1023 588
1023 703
1023 704
1023 1008
1023 585
1023 1002
1023 1005
1023 1004
1024 585
1024 575
1024 588
1024 586
1024 899
1024 758
1024 587
1024 590
1024 885
1024 584
1025 1003
1025 1002
1025 575
1025 588
1025 703
1025 585
1025 1008
1025 704
1025 830
1025 573
1026 1003
1026 575
1026 1002
1026 573
1026 585
1026 1008
1026 703
1026 1005
1026 835
1026 529
1027 864
1027 935
1027 954
1027 915
1027 895
1027 1011
1027 834
1027 955
1027 934
1027 870
1028 639
1028 703
1028 588
1028 1003
1028 575
1028 762
1028 543
1028 569
1028 1004
1028 1006
1029 1003
1029 575
1029 1005
1029 1004
1029 1002
1029 1008
1029 1006
1029 703
1029 910
1029 1010
1030 907
1030 1124
1030 935
1030 954
1030 934
1030 875
1030 864
1030 955
1030 915
1030 903
1031 1003
1031 575
1031 1008
1031 1005
1031 588
1031 1004
1031 585
1031 1006
1031 703
1031 1010
1032 1003
1032 575
1032 588
1032 585
1032 587
1032 590
1032 1005
1032 1008
1032 586
1032 730
1033 585
1033 575
1033 1003
1033 588
1033 1008
1033 587
1033 885
1033 586
1033 590
1033 704
1034 575
1034 1003
1034 588
1034 703
1034 1005
1034 736
1034 585
1034 1008
1034 726
1034 729
1035 588
1035 585
1035 575
1035 1003
1035 762
1035 703
1035 543
1035 704
1035 639
1035 1008
1036 588
1036 575
1036 585
1036 1003
1036 590
1036 586
1036 587
1036 543
1036 1008
1036 569
1037 1002
1037 575
1037 1003
1037 573
1037 588
1037 1008
1037 585
1037 1005
1037 1006
1037 703
1038 585
1038 575
1038 588
1038 573
1038 830
1038 1003
1038 704
1038 703
1038 835
1038 1002
1039 585
1039 588
1039 575
1039 543
1039 572
1039 703
1039 586
1039 639
1039 529
1039 590
1040 575
1040 585
1040 588
1040 703
1040 587
1040 1003
1040 586
1040 543
1040 590
1040 572
1041 575
1041 588
1041 585
1041 758
1041 736
1041 755
1041 587
1041 751
1041 543
1041 757
1042 585
1042 588
1042 575
1042 587
1042 586
1042 590
1042 1003
1042 703
1042 599
1042 1014
1043 1003
1043 588
1043 575
1043 585
1043 1008
1043 703
1043 1005
1043 885
1043 1004
1043 894
1044 703
1044 1050
1044 565
1044 1003
1044 736
1044 1005
1044 1004
1044 724
1044 639
1044 1151
1045 736
1045 724
1045 565
1045 726
1045 703
1045 1050
1045 646
1045 737
1045 644
1045 729
1046 1050
1046 565
1046 724
1046 736
1046 703
1046 737
1046 726
1046 1058
1046 644
1046 646
1047 1050
1047 703
1047 565
1047 736
1047 575
1047 1003
1047 724
1047 726
1047 646
1047 1079
1048 736
1048 724
1048 565
1048 726
1048 1003
1048 703
1048 729
1048 575
1048 1050
1048 737
1049 736
1049 724
1049 1050
1049 565
1049 726
1049 737
1049 729
1049 703
1049 543
1049 735
1050 736
1050 565
1050 724
1050 703
1050 737
1050 639
1050 726
1050 646
1050 729
1050 1148
1051 736
1051 724
1051 1050
1051 565
1051 729
1051 726
1051 737
1051 703
1051 1151
1051 543
1052 726
1052 736
1052 724
1052 1059
1052 729
1052 575
1052 565
1052 737
1052 758
1052 1050
1053 736
1053 724
1053 726
1053 729
1053 1050
1053 737
1053 565
1053 1003
1053 575
1053 703
1054 703
1054 639
1054 565
1054 1050
1054 736
1054 1151
1054 1156
1054 646
1054 724
1054 569
1055 736
1055 1050
1055 724
1055 565
1055 737
1055 726
1055 703
1055 729
1055 646
1055 1148
1056 736
1056 724
1056 565
1056 726
1056 737
1056 1050
1056 729
1056 735
1056 623
1056 619
1057 565
1057 1050
1057 736
1057 726
1057 575
1057 703
1057 724
1057 1003
1057 1049
1057 1005
1058 565
1058 703
1058 1050
1058 1003
1058 724
1058 736
1058 1005
1058 1151
1058 1079
1058 1006
1059 736
1059 724
1059 726
1059 565
1059 1050
1059 729
1059 737
1059 575
1059 703
1059 1003
1060 1050
1060 736
1060 565
1060 1003
1060 724
1060 703
1060 1005
1060 1079
1060 1148
1060 1057
1061 736
1061 724
1061 565
1061 1050
1061 737
1061 726
1061 729
1061 735
1061 703
1061 738
1062 1079
1062 736
1062 724
1062 1094
1062 737
1062 1151
1062 726
1062 729
1062 565
1062 1156
1063 1079
1063 1156
1063 736
1063 645
1063 737
1063 724
1063 1094
1063 1151
1063 639
1063 945
1064 1065
1064 1156
1064 736
1064 639
1064 1163
1064 1079
1064 737
1064 1157
1064 724
1064 1151
1065 1064
1065 736
1065 1156
1065 737
1065 639
1065 724
1065 1157
1065 729
1065 565
1065 1163
1066 1156
1066 639
1066 1163
1066 736
1066 1079
1066 1151
1066 1157
1066 648
1066 1153
1066 646
1067 1079
1067 736
1067 1062
1067 1151
1067 724
1067 1094
1067 543
1067 726
1067 1156
1067 737
1068 1079
1068 736
1068 724
1068 1156
1068 1151
1068 737
1068 1094
1068 639
1068 565
1068 1088
1069 1156
1069 736
1069 639
1069 724
1069 737
1069 1151
1069 1163
1069 738
1069 1154
1069 1157
1070 1079
1070 736
1070 724
1070 565
1070 737
1070 726
1070 1156
1070 543
1070 729
1070 783
1071 1079
1071 1094
1071 945
1071 565
1071 1151
1071 736
1071 724
1071 1156
1071 703
1071 1050
1072 1079
1072 736
1072 1156
1072 639
1072 1151
1072 724
1072 737
1072 646
1072 558
1072 729
1073 1079
1073 639
1073 1151
1073 1156
1073 643
1073 869
1073 559
1073 703
1073 736
1073 1153
1074 1088
1074 1079
1074 1090
1074 1151
1074 703
1074 1156
1074 639
1074 645
1074 543
1074 1063
1075 736
1075 724
1075 1079
1075 737
1075 1156
1075 639
1075 565
1075 646
1075 729
1075 1050
1076 1156
1076 639
1076 1079
1076 736
1076 1151
1076 1145
1076 1088
1076 1090
1076 1078
1076 703
1077 1079
1077 1156
1077 639
1077 703
1077 543
1077 736
1077 1151
1077 1050
1077 945
1077 645
1078 1079
1078 1156
1078 736
1078 639
1078 703
1078 1151
1078 724
1078 565
1078 1148
1078 543
1079 736
1079 724
1079 1094
1079 737
1079 726
1079 565
1079 1151
1079 1148
1079 1156
1079 729
1080 1079
1080 736
1080 724
1080 737
1080 726
1080 1094
1080 729
1080 1156
1080 1148
1080 565
1081 736
1081 1151
1081 1156
1081 724
1081 737
1081 1079
1081 639
1081 1145
1081 1148
1081 729
1082 1079
1082 736
1082 1156
1082 1094
1082 724
1082 737
1082 1151
1082 639
1082 1050
1082 565
1083 1079
1083 1094
1083 736
1083 724
1083 945
1083 1050
1083 1151
1083 737
1083 938
1083 1148
1084 736
1084 724
1084 1156
1084 738
1084 639
1084 737
1084 729
1084 1079
1084 1151
1084 726
1085 1079
1085 1094
1085 736
1085 703
1085 1088
1085 724
1085 1156
1085 1151
1085 646
1085 1090
1086 736
1086 639
1086 724
1086 737
1086 1156
1086 738
1086 1151
1086 1004
1086 1079
1086 729
1087 1079
1087 1156
1087 1151
1087 736
1087 639
1087 724
1087 646
1087 565
1087 703
1087 737
1088 1079
1088 1151
1088 1156
1088 736
1088 646
1088 1148
1088 724
1088 639
1088 703
1088 1094
1089 1079
1089 736
1089 1156
1089 1151
1089 1094
1089 724
1089 639
1089 737
1089 565
1089 646
1090 1079
1090 1156
1090 1151
1090 565
1090 736
1090 703
1090 945
1090 1088
1090 724
1090 1094
1091 1079
1091 736
1091 724
1091 737
1091 565
1091 1148
1091 1156
1091 1151
1091 1094
1091 726
1092 1079
1092 736
1092 724
1092 1090
1092 1156
1092 1151
1092 726
1092 703
1092 783
1092 575
1093 1079
1093 1063
1093 1090
1093 1151
1093 1088
1093 736
1093 543
1093 724
1093 1156
1093 783
1094 1079
1094 736
1094 724
1094 737
1094 726
1094 1156
1094 565
1094 729
1094 1151
1094 646
1095 1079
1095 736
1095 724
1095 1156
1095 639
1095 737
1095 1151
1095 565
1095 726
1095 729
1096 1079
1096 736
1096 1156
1096 724
1096 1151
1096 737
1096 543
1096 729
1096 1094
1096 726
1097 736
1097 1156
1097 639
1097 1079
1097 1151
1097 724
1097 1157
1097 1163
1097 737
1097 1145
1098 736
1098 1156
1098 639
1098 724
1098 737
1098 1151
1098 565
1098 1079
1098 729
1098 1153
1099 1003
1099 726
1099 724
1099 736
1099 729
1099 575
1099 1079
1099 565
1099 1005
1099 703
1100 736
1100 724
1100 783
1100 639
1100 703
1100 565
1100 646
1100 543
1100 737
1100 1156
1101 639
1101 736
1101 1156
1101 558
1101 737
1101 565
1101 724
1101 1151
1101 569
1101 738
1102 758
1102 736
1102 783
1102 729
1102 1079
1102 724
1102 543
1102 751
1102 726
1102 755
1103 565
1103 736
1103 570
1103 724
1103 703
1103 737
1103 639
1103 729
1103 726
1103 543
1104 736
1104 565
1104 724
1104 726
1104 703
1104 737
1104 729
1104 783
1104 558
1104 1079
1105 736
1105 639
1105 783
1105 1156
1105 737
1105 724
1105 729
1105 738
1105 588
1105 569
1106 736
1106 565
1106 724
1106 737
1106 703
1106 726
1106 729
1106 639
1106 558
1106 570
1107 736
1107 737
1107 724
1107 639
1107 738
1107 729
1107 565
1107 726
1107 1156
1107 783
1108 905
1108 869
1108 1115
1108 870
1108 874
1108 817
1108 643
1108 1003
1108 1116
1108 1004
1109 1115
1109 905
1109 1116
1109 870
1109 869
1109 703
1109 1011
1109 1004
1109 874
1109 1003
1110 869
1110 905
1110 817
1110 870
1110 643
1110 874
1110 1115
1110 1108
1110 1003
1110 1004
1111 905
1111 1003
1111 1124
1111 1115
1111 703
1111 1005
1111 1004
1111 639
1111 1116
1111 575
1112 1115
1112 905
1112 1003
1112 703
1112 1116
1112 1004
1112 1005
1112 870
1112 543
1112 1124
1113 1115
1113 874
1113 905
1113 870
1113 871
1113 834
1113 817
1113 954
1113 1011
1113 872
1114 1003
1114 1005
1114 1004
1114 703
1114 869
1114 1006
1114 905
1114 639
1114 559
1114 562
1115 905
1115 870
1115 931
1115 1116
1115 920
1115 954
1115 1124
1115 915
1115 1011
1115 918
1116 1115
1116 905
1116 870
1116 869
1116 703
1116 1151
1116 639
1116 643
1116 817
1116 874
1117 639
1117 1003
1117 703
1117 1005
1117 1004
1117 905
1117 1151
1117 869
1117 1006
1117 1115
1118 703
1118 704
1118 575
1118 1003
1118 543
1118 1115
1118 905
1118 915
1118 1151
1118 1005
1119 704
1119 703
1119 575
1119 808
1119 1115
1119 707
1119 585
1119 1124
1119 1003
1119 543
1120 724
1120 736
1120 726
1120 1003
1120 729
1120 703
1120 1005
1120 737
1120 565
1120 1006
1121 703
1121 704
1121 1003
1121 575
1121 808
1121 1005
1121 1115
1121 827
1121 905
1121 543
1122 703
1122 1003
1122 736
1122 565
1122 639
1122 1006
1122 1005
1122 575
1122 1004
1122 724
1123 704
1123 703
1123 1003
1123 560
1123 706
1123 1005
1123 837
1123 1008
1123 639
1123 1006
1124 870
1124 1115
1124 954
1124 905
1124 935
1124 915
1124 931
1124 834
1124 920
1124 955
1125 724
1125 736
1125 703
1125 575
1125 726
1125 1003
1125 565
1125 729
1125 543
1125 1005
1126 703
1126 543
1126 575
1126 1151
1126 1003
1126 736
1126 704
1126 565
1126 726
1126 1148
1127 1003
1127 703
1127 1005
1127 1004
1127 1140
1127 1006
1127 736
1127 575
1127 1008
1127 565
1128 1003
1128 1002
1128 1006
1128 703
1128 1005
1128 1004
1128 1008
1128 573
1128 905
1128 575
1129 1003
1129 1004
1129 1005
1129 1006
1129 703
1129 1008
1129 1010
1129 639
1129 704
1129 692
1130 1003
1130 736
1130 1005
1130 1006
1130 724
1130 575
1130 1004
1130 726
1130 1140
1130 565
1131 736
1131 724
1131 565
1131 1005
1131 703
1131 737
1131 1003
1131 1004
1131 1050
1131 666
1132 703
1132 1003
1132 736
1132 1004
1132 565
1132 1006
1132 1005
1132 1140
1132 724
1132 575
1133 1004
1133 1003
1133 703
1133 1005
1133 1006
1133 565
1133 689
1133 639
1133 951
1133 921
1134 1003
1134 736
1134 1005
1134 1006
1134 1004
1134 575
1134 703
1134 724
1134 726
1134 729
1135 736
1135 565
1135 703
1135 724
1135 1003
1135 1005
1135 1006
1135 1004
1135 726
1135 737
1136 736
1136 724
1136 565
1136 703
1136 729
1136 737
1136 726
1136 1005
1136 1003
1136 1004
1137 736
1137 724
1137 565
1137 737
1137 729
1137 738
1137 726
1137 703
1137 639
1137 1050
1138 954
1138 905
1138 1011
1138 907
1138 1002
1138 864
1138 920
1138 931
1138 915
1138 922
1139 736
1139 703
1139 724
1139 1005
1139 565
1139 1004
1139 737
1139 1006
1139 1003
1139 729
1140 703
1140 1003
1140 704
1140 1005
1140 575
1140 1006
1140 1008
1140 1004
1140 707
1140 565
1141 1003
1141 1005
1141 1006
1141 736
1141 1004
1141 1008
1141 724
1141 703
1141 565
1141 729
1142 703
1142 1003
1142 1005
1142 1004
1142 1006
1142 704
1142 639
1142 692
1142 565
1142 937
1143 1145
1143 1148
1143 1151
1143 1153
1143 1156
1143 736
1143 565
1143 724
1143 703
1143 737
1144 1151
1144 1148
1144 1153
1144 1145
1144 703
1144 565
1144 1003
1144 736
1144 704
1144 724
1145 1151
1145 1148
1145 1156
1145 1153
1145 736
1145 724
1145 1154
1145 1157
1145 565
1145 737
1146 1151
1146 1156
1146 1148
1146 1153
1146 1145
1146 736
1146 639
1146 1157
1146 724
1146 737
1147 827
1147 1151
1147 1148
1147 1156
1147 736
1147 1153
1147 724
1147 646
1147 1145
1147 703
1148 1151
1148 1153
1148 1156
1148 1145
1148 736
1148 565
1148 724
1148 703
1148 737
1148 543
1149 1151
1149 1148
1149 1153
1149 1156
1149 736
1149 1145
1149 565
1149 724
1149 1150
1149 729
1150 1151
1150 1156
1150 1148
1150 736
1150 1153
1150 724
1150 1145
1150 737
1150 639
1150 565
1151 1156
1151 1148
1151 1153
1151 736
1151 1145
1151 639
1151 724
1151 1150
1151 1154
1151 646
1152 1151
1152 1156
1152 1148
1152 1153
1152 736
1152 1145
1152 724
1152 1150
1152 1155
1152 737
1153 1151
1153 1156
1153 1148
1153 1145
1153 639
1153 565
1153 736
1153 1154
1153 703
1153 1157
1154 1156
1154 1151
1154 1145
1154 1153
1154 1148
1154 1157
1154 1163
1154 736
1154 639
1154 724
1155 1156
1155 736
1155 1151
1155 1148
1155 724
1155 1153
1155 1145
1155 737
1155 1157
1155 639
1156 1151
1156 1153
1156 1163
1156 1157
1156 1154
1156 1148
1156 1145
1156 639
1156 736
1156 1155
1157 1163
1157 1156
1157 1151
1157 1145
1157 1153
1157 1154
1157 639
1157 1148
1157 736
1157 1155
1158 1164
1158 1151
1158 1156
1158 1148
1158 1153
1158 827
1158 1145
1158 736
1158 1147
1158 703
1159 1165
1159 1151
1159 1156
1159 736
1159 1153
1159 1148
1159 639
1159 724
1159 646
1159 565
1160 1166
1160 1156
1160 1151
1160 1153
1160 1148
1160 1145
1160 1157
1160 1163
1160 1154
1160 1155
1161 1156
1161 1151
1161 1153
1161 1148
1161 1154
1161 1145
1161 1157
1161 639
1161 736
1161 1163
1162 1156
1162 1151
1162 1163
1162 1157
1162 736
1162 1153
1162 1154
1162 1148
1162 1145
1162 639
1163 1157
1163 1156
1163 1151
1163 1154
1163 1153
1163 1145
1163 639
1163 1148
1163 736
1163 1155
1164 1158
1164 1151
1164 1156
1164 1148
1164 1153
1164 1145
1164 827
1164 736
1164 1147
1164 703
1165 1159
1165 1151
1165 1156
1165 736
1165 639
1165 1153
1165 1148
1165 646
1165 724
1165 1157
1166 1160
1166 1156
1166 1151
1166 1163
1166 1148
1166 1153
1166 1157
1166 1145
1166 1154
1166 1155
1167 1156
1167 1151
1167 736
1167 1153
1167 1148
1167 1145
1167 1157
1167 639
1167 1163
1167 724
1168 736
1168 565
1168 724
1168 737
1168 639
1168 646
1168 1050
1168 729
1168 666
1168 703
1169 736
1169 724
1169 565
1169 737
1169 729
1169 726
1169 666
1169 703
1169 738
1169 783
1170 736
1170 724
1170 737
1170 565
1170 666
1170 729
1170 783
1170 738
1170 735
1170 639
1171 736
1171 565
1171 724
1171 737
1171 726
1171 666
1171 703
1171 735
1171 729
1171 543
1172 736
1172 724
1172 737
1172 726
1172 565
1172 729
1172 738
1172 666
1172 735
1172 703
1173 736
1173 565
1173 724
1173 726
1173 737
1173 729
1173 735
1173 703
1173 738
1173 783
1174 736
1174 724
1174 565
1174 737
1174 666
1174 674
1174 703
1174 729
1174 543
1174 738
1175 643
1175 639
1175 559
1175 869
1175 905
1175 703
1175 562
1175 646
1175 565
1175 1004
1176 736
1176 724
1176 565
1176 726
1176 737
1176 729
1176 735
1176 703
1176 543
1176 783
1177 736
1177 724
1177 565
1177 737
1177 729
1177 726
1177 703
1177 738
1177 639
1177 735
1178 736
1178 565
1178 724
1178 726
1178 729
1178 737
1178 703
1178 544
1178 783
1178 543
1179 736
1179 724
1179 565
1179 737
1179 703
1179 726
1179 646
1179 729
1179 783
1179 1050
1180 736
1180 724
1180 726
1180 737
1180 565
1180 729
1180 735
1180 733
1180 638
1180 738
1181 736
1181 724
1181 565
1181 703
1181 737
1181 666
1181 726
1181 729
1181 1003
1181 569
1182 736
1182 724
1182 726
1182 565
1182 729
1182 737
1182 703
1182 543
1182 735
1182 758
1183 736
1183 724
1183 726
1183 737
1183 565
1183 729
1183 703
1183 735
1183 543
1183 646
1184 736
1184 724
1184 726
1184 737
1184 565
1184 729
1184 543
1184 738
1184 544
1184 735
1185 736
1185 726
1185 724
1185 729
1185 565
1185 737
1185 543
1185 735
1185 758
1185 751
1186 724
1186 736
1186 703
1186 726
1186 751
1186 565
1186 543
1186 729
1186 646
1186 704
1187 736
1187 724
1187 737
1187 565
1187 729
1187 735
1187 726
1187 543
1187 666
1187 783
1188 736
1188 565
1188 724
1188 737
1188 703
1188 639
1188 646
1188 729
1188 1050
1188 726
1189 736
1189 724
1189 737
1189 565
1189 729
1189 738
1189 726
1189 783
1189 666
1189 646
1190 736
1190 724
1190 726
1190 565
1190 646
1190 737
1190 543
1190 703
1190 729
1190 783
1191 736
1191 724
1191 737
1191 738
1191 565
1191 729
1191 726
1191 666
1191 735
1191 783
1192 736
1192 724
1192 726
1192 729
1192 737
1192 757
1192 565
1192 543
1192 703
1192 623
